380	0.265936014
381	0.333757756
382	0.288242405
383	0.2993956
384	0.310548795
385	0.32170199
386	0.333757756
387	0.345813522
388	0.357869288
389	0.369925054
390	0.38198082
391	0.394503989
392	0.407027158
393	0.419550326
394	0.432073495
395	0.444596664
396	0.457700056
397	0.470803449
398	0.483906842
399	0.497010235
400	0.510113627
401	0.523829479
402	0.53754533
403	0.551261181
404	0.564977033
405	0.578692884
406	0.592860021
407	0.607027158
408	0.621194294
409	0.635361431
410	0.649528568
411	0.66390523
412	0.678281892
413	0.692658554
414	0.707035216
415	0.721411878
416	0.735240551
417	0.749069224
418	0.762897897
419	0.776726569
420	0.790555242
421	0.802965589
422	0.815375937
423	0.827786284
424	0.840196631
425	0.852606979
426	0.863244419
427	0.87388186
428	0.884519301
429	0.895156741
430	0.905794182
431	0.914416955
432	0.923039729
433	0.931662503
434	0.940285277
435	0.948908051
436	0.954952051
437	0.960996051
438	0.967040052
439	0.973084052
440	0.979128052
441	0.982270932
442	0.985413813
443	0.988556693
444	0.991699573
445	0.994842453
446	0.995728906
447	0.99661536
448	0.997501813
449	0.998388267
450	0.99927472
451	0.998630027
452	0.997985333
453	0.99734064
454	0.996695946
455	0.996051253
456	0.995245386
457	0.99443952
458	0.993633653
459	0.992827786
460	0.99202192
461	0.992344266
462	0.992666613
463	0.99298896
464	0.993311306
465	0.993633653
466	0.99443952
467	0.995245386
468	0.996051253
469	0.99685712
470	0.997662987
471	0.998130389
472	0.998597792
473	0.999065195
474	0.999532597
475	1
476	0.999693771
477	0.999387541
478	0.999081312
479	0.998775083
480	0.998468853
481	0.996889355
482	0.995309856
483	0.993730357
484	0.992150858
485	0.990571359
486	0.986993311
487	0.983415263
488	0.979837215
489	0.976259167
490	0.972681119
491	0.966556532
492	0.960431945
493	0.954307358
494	0.948182771
495	0.942058184
496	0.934321863
497	0.926585543
498	0.918849222
499	0.911112902
500	0.903376582
501	0.895124506
502	0.886872431
503	0.878620356
504	0.870368281
505	0.862116206
506	0.854573294
507	0.847030381
508	0.839487469
509	0.831944556
510	0.824401644
511	0.818776694
512	0.813151745
513	0.807526795
514	0.801901845
515	0.796276896
516	0.793198485
517	0.790120074
518	0.787041663
519	0.783963252
520	0.780884842
521	0.780691434
522	0.780498026
523	0.780304618
524	0.78011121
525	0.779917802
526	0.781884116
527	0.783850431
528	0.785816746
529	0.787783061
530	0.789749375
531	0.792876138
532	0.796002901
533	0.799129664
534	0.802256427
535	0.80538319
536	0.808864534
537	0.812345878
538	0.815827222
539	0.819308566
540	0.822789911
541	0.825771617
542	0.828753324
543	0.831735031
544	0.834716738
545	0.837698445
546	0.839713111
547	0.841727778
548	0.843742445
549	0.845757112
550	0.847771779
551	0.848529293
552	0.849286808
553	0.850044323
554	0.850801837
555	0.851559352
556	0.850963011
557	0.850366669
558	0.849770328
559	0.849173987
560	0.848577645
561	0.846659682
562	0.84474172
563	0.842823757
564	0.840905794
565	0.838987831
566	0.836070594
567	0.833153356
568	0.830236119
569	0.827318881
570	0.824401644
571	0.820936417
572	0.81747119
573	0.814005963
574	0.810540737
575	0.80707551
576	0.803287936
577	0.799500363
578	0.795712789
579	0.791925216
580	0.788137642
581	0.784317834
582	0.780498026
583	0.776678217
584	0.772858409
585	0.769038601
586	0.765444435
587	0.76185027
588	0.758256104
589	0.754661939
590	0.751067773
591	0.747876541
592	0.744685309
593	0.741494077
594	0.738302845
595	0.735111613
596	0.732661778
597	0.730211943
598	0.727762108
599	0.725312273
600	0.722862439
601	0.72146023
602	0.720058022
603	0.718655814
604	0.717253606
605	0.715851398
606	0.715158353
607	0.714465307
608	0.713772262
609	0.713079217
610	0.712386171
611	0.712047707
612	0.711709243
613	0.711370779
614	0.711032315
615	0.710693851
616	0.710548795
617	0.710403739
618	0.710258683
619	0.710113627
620	0.709968571
621	0.709904102
622	0.709839633
623	0.709775163
624	0.709710694
625	0.709646225
626	0.709549521
627	0.709452817
628	0.709356112
629	0.709259408
630	0.709162704
631	0.708937062
632	0.708711419
633	0.708485776
634	0.708260134
635	0.708034491
636	0.707937787
637	0.707841083
638	0.707744379
639	0.707647675
640	0.707550971
641	0.7078572
642	0.70816343
643	0.708469659
644	0.708775888
645	0.709082118
646	0.709420582
647	0.709759046
648	0.71009751
649	0.710435974
650	0.710774438
651	0.710774438
652	0.710774438
653	0.710774438
654	0.710774438
655	0.710774438
656	0.710290918
657	0.709807398
658	0.709323878
659	0.708840358
660	0.708356838
661	0.707260859
662	0.70616488
663	0.705068902
664	0.703972923
665	0.702876944
666	0.701394149
667	0.699911355
668	0.69842856
669	0.696945765
670	0.69546297
671	0.693851237
672	0.692239504
673	0.69062777
674	0.689016037
675	0.687404303
676	0.68530905
677	0.683213796
678	0.681118543
679	0.67902329
680	0.676928036
681	0.674043033
682	0.67115803
683	0.668273028
684	0.665388025
685	0.662503022
686	0.659263438
687	0.656023854
688	0.652784269
689	0.649544685
690	0.646305101
691	0.643146104
692	0.639987106
693	0.636828109
694	0.633669111
695	0.630510114
696	0.627383351
697	0.624256588
698	0.621129825
699	0.618003062
700	0.614876299
701	0.611749537
702	0.608622774
703	0.605496011
704	0.602369248
705	0.599242485
706	0.596083488
707	0.59292449
708	0.589765493
709	0.586606495
710	0.583447498
711	0.580224031
712	0.577000564
713	0.573777097
714	0.57055363
715	0.567330164
716	0.563945523
717	0.560560883
718	0.557176243
719	0.553791603
720	0.550406963
721	0.547183496
722	0.543960029
723	0.540736562
724	0.537513095
725	0.534289628
726	0.531227335
727	0.528165042
728	0.525102748
729	0.522040455
730	0.518978161
731	0.516399388
732	0.513820614
733	0.511241841
734	0.508663067
735	0.506084294
736	0.50398904
737	0.501893787
738	0.499798533
739	0.49770328
740	0.495608026
741	0.493512773
742	0.49141752
743	0.489322266
744	0.487227013
745	0.485131759
746	0.483520026
747	0.481908292
748	0.480296559
749	0.478684826
750	0.477073092
751	0.475944879
752	0.474816665
753	0.473688452
754	0.472560239
755	0.471432025
756	0.470787332
757	0.470142638
758	0.469497945
759	0.468853252
760	0.468208558
761	0.468047385
762	0.467886212
763	0.467725038
764	0.467563865
765	0.467402692
766	0.467725038
767	0.468047385
768	0.468369732
769	0.468692078
770	0.469014425
771	0.469497945
772	0.469981465
773	0.470464985
774	0.470948505
775	0.471432025
776	0.472399065
777	0.473366105
778	0.474333145
779	0.475300185
780	0.476267225
