400.3	1.459054705	0
401.1	1.458965335	0
401.9	1.458876501	0
402.7	1.458788198	0
403.5	1.458700424	0
404.2	1.458613172	0
405.0	1.458526439	0
405.8	1.458440222	0
406.6	1.458354515	0
407.4	1.458269315	0
408.1	1.458184617	0
408.9	1.458100419	0
409.7	1.458016715	0
410.5	1.457933502	0
411.3	1.457850777	0
412.0	1.457768534	0
412.8	1.457686771	0
413.6	1.457605484	0
414.4	1.457524669	0
415.2	1.457444322	0
415.9	1.457364439	0
416.7	1.457285018	0
417.5	1.457206055	0
418.3	1.457127545	0
419.1	1.457049486	0
419.8	1.456971874	0
420.6	1.456894705	0
421.4	1.456817977	0
422.2	1.456741686	0
423.0	1.456665828	0
423.7	1.4565904	0
424.5	1.4565154	0
425.3	1.456440823	0
426.1	1.456366666	0
426.9	1.456292927	0
427.6	1.456219602	0
428.4	1.456146688	0
429.2	1.456074182	0
430.0	1.456002081	0
430.8	1.455930382	0
431.5	1.455859081	0
432.3	1.455788177	0
433.1	1.455717666	0
433.9	1.455647544	0
434.7	1.45557781	0
435.4	1.45550846	0
436.2	1.455439492	0
437.0	1.455370902	0
437.8	1.455302688	0
438.6	1.455234847	0
439.3	1.455167376	0
440.1	1.455100274	0
440.9	1.455033536	0
441.7	1.45496716	0
442.5	1.454901145	0
443.2	1.454835486	0
444.0	1.454770182	0
444.8	1.454705229	0
445.6	1.454640626	0
446.4	1.45457637	0
447.1	1.454512459	0
447.9	1.454448889	0
448.7	1.454385659	0
449.5	1.454322765	0
450.3	1.454260207	0
451.0	1.45419798	0
451.8	1.454136084	0
452.6	1.454074515	0
453.4	1.454013271	0
454.1	1.45395235	0
454.9	1.45389175	0
455.7	1.453831468	0
456.5	1.453771502	0
457.3	1.45371185	0
458.0	1.45365251	0
458.8	1.45359348	0
459.6	1.453534757	0
460.4	1.453476339	0
461.2	1.453418224	0
461.9	1.45336041	0
462.7	1.453302895	0
463.5	1.453245677	0
464.3	1.453188754	0
465.1	1.453132123	0
465.8	1.453075783	0
466.6	1.453019732	0
467.4	1.452963968	0
468.2	1.452908489	0
469.0	1.452853292	0
469.7	1.452798377	0
470.5	1.45274374	0
471.3	1.452689381	0
472.1	1.452635296	0
472.9	1.452581485	0
473.6	1.452527946	0
474.4	1.452474676	0
475.2	1.452421674	0
476.0	1.452368939	0
476.8	1.452316467	0
477.5	1.452264258	0
478.3	1.45221231	0
479.1	1.452160621	0
479.9	1.452109189	0
480.7	1.452058013	0
481.4	1.45200709	0
482.2	1.45195642	0
483.0	1.451906	0
483.8	1.451855829	0
484.6	1.451805905	0
485.3	1.451756227	0
486.1	1.451706793	0
486.9	1.451657601	0
487.7	1.45160865	0
488.5	1.451559938	0
489.2	1.451511464	0
490.0	1.451463226	0
490.8	1.451415222	0
491.6	1.451367452	0
492.4	1.451319913	0
493.1	1.451272604	0
493.9	1.451225523	0
494.7	1.451178669	0
495.5	1.451132041	0
496.3	1.451085638	0
497.0	1.451039456	0
497.8	1.450993496	0
498.6	1.450947756	0
499.4	1.450902235	0
500.2	1.45085693	0
500.9	1.450811841	0
501.7	1.450766966	0
502.5	1.450722304	0
503.3	1.450677854	0
504.1	1.450633614	0
504.8	1.450589583	0
505.6	1.450545759	0
506.4	1.450502142	0
507.2	1.45045873	0
508.0	1.450415521	0
508.7	1.450372514	0
509.5	1.450329709	0
510.3	1.450287104	0
511.1	1.450244697	0
511.9	1.450202488	0
512.6	1.450160475	0
513.4	1.450118656	0
514.2	1.450077032	0
515.0	1.4500356	0
515.8	1.449994359	0
516.5	1.449953309	0
517.3	1.449912447	0
518.1	1.449871774	0
518.9	1.449831286	0
519.7	1.449790985	0
520.4	1.449750868	0
521.2	1.449710934	0
522.0	1.449671182	0
522.8	1.449631611	0
523.6	1.44959222	0
524.3	1.449553008	0
525.1	1.449513974	0
525.9	1.449475116	0
526.7	1.449436434	0
527.5	1.449397927	0
528.2	1.449359593	0
529.0	1.449321431	0
529.8	1.449283441	0
530.6	1.449245621	0
531.4	1.449207971	0
532.1	1.449170489	0
532.9	1.449133174	0
533.7	1.449096025	0
534.5	1.449059042	0
535.3	1.449022223	0
536.0	1.448985568	0
536.8	1.448949075	0
537.6	1.448912743	0
538.4	1.448876572	0
539.2	1.448840561	0
539.9	1.448804708	0
540.7	1.448769012	0
541.5	1.448733474	0
542.3	1.448698091	0
543.1	1.448662863	0
543.8	1.448627789	0
544.6	1.448592868	0
545.4	1.4485581	0
546.2	1.448523483	0
547.0	1.448489016	0
547.7	1.448454699	0
548.5	1.44842053	0
549.3	1.448386509	0
550.1	1.448352636	0
550.9	1.448318908	0
551.6	1.448285326	0
552.4	1.448251888	0
553.2	1.448218594	0
554.0	1.448185442	0
554.8	1.448152433	0
555.5	1.448119565	0
556.3	1.448086837	0
557.1	1.448054248	0
557.9	1.448021799	0
558.7	1.447989487	0
559.4	1.447957313	0
560.2	1.447925275	0
561.0	1.447893372	0
561.8	1.447861605	0
562.6	1.447829971	0
563.3	1.447798471	0
564.1	1.447767104	0
564.9	1.447735868	0
565.7	1.447704763	0
566.5	1.447673789	0
567.2	1.447642945	0
568.0	1.447612229	0
568.8	1.447581642	0
569.6	1.447551182	0
570.4	1.447520849	0
571.1	1.447490642	0
571.9	1.44746056	0
572.7	1.447430603	0
573.5	1.44740077	0
574.3	1.44737106	0
575.0	1.447341473	0
575.8	1.447312008	0
576.6	1.447282664	0
577.4	1.447253441	0
578.2	1.447224338	0
578.9	1.447195353	0
579.7	1.447166488	0
580.5	1.447137741	0
581.3	1.44710911	0
582.0	1.447080597	0
582.8	1.4470522	0
583.6	1.447023918	0
584.4	1.44699575	0
585.2	1.446967698	0
585.9	1.446939758	0
586.7	1.446911932	0
587.5	1.446884218	0
588.3	1.446856615	0
589.1	1.446829124	0
589.8	1.446801743	0
590.6	1.446774472	0
591.4	1.446747311	0
592.2	1.446720258	0
593.0	1.446693314	0
593.7	1.446666477	0
594.5	1.446639747	0
595.3	1.446613123	0
596.1	1.446586606	0
596.9	1.446560194	0
597.6	1.446533886	0
598.4	1.446507683	0
599.2	1.446481583	0
600.0	1.446455587	0
600.8	1.446429693	0
601.5	1.446403901	0
602.3	1.446378211	0
603.1	1.446352621	0
603.9	1.446327132	0
604.7	1.446301743	0
605.4	1.446276453	0
606.2	1.446251263	0
607.0	1.44622617	0
607.8	1.446201175	0
608.6	1.446176278	0
609.3	1.446151477	0
610.1	1.446126773	0
610.9	1.446102165	0
611.7	1.446077652	0
612.5	1.446053233	0
613.2	1.446028909	0
614.0	1.446004679	0
614.8	1.445980542	0
615.6	1.445956499	0
616.4	1.445932547	0
617.1	1.445908688	0
617.9	1.445884919	0
618.7	1.445861242	0
619.5	1.445837656	0
620.3	1.445814159	0
621.0	1.445790752	0
621.8	1.445767434	0
622.6	1.445744205	0
623.4	1.445721065	0
624.2	1.445698011	0
624.9	1.445675046	0
625.7	1.445652167	0
626.5	1.445629375	0
627.3	1.445606668	0
628.1	1.445584048	0
628.8	1.445561512	0
629.6	1.445539061	0
630.4	1.445516695	0
631.2	1.445494412	0
632.0	1.445472213	0
632.7	1.445450097	0
633.5	1.445428063	0
634.3	1.445406112	0
635.1	1.445384243	0
635.9	1.445362455	0
636.6	1.445340748	0
637.4	1.445319121	0
638.2	1.445297575	0
639.0	1.445276109	0
639.8	1.445254722	0
640.5	1.445233414	0
641.3	1.445212184	0
642.1	1.445191033	0
642.9	1.44516996	0
643.7	1.445148964	0
644.4	1.445128045	0
645.2	1.445107203	0
646.0	1.445086438	0
646.8	1.445065748	0
647.6	1.445045134	0
648.3	1.445024595	0
649.1	1.445004131	0
649.9	1.444983741	0
650.7	1.444963426	0
651.5	1.444943184	0
652.2	1.444923016	0
653.0	1.444902921	0
653.8	1.444882898	0
654.6	1.444862948	0
655.4	1.44484307	0
656.1	1.444823264	0
656.9	1.444803528	0
657.7	1.444783864	0
658.5	1.444764271	0
659.3	1.444744747	0
660.0	1.444725294	0
660.8	1.44470591	0
661.6	1.444686596	0
662.4	1.44466735	0
663.2	1.444648174	0
663.9	1.444629065	0
664.7	1.444610024	0
665.5	1.444591051	0
666.3	1.444572146	0
667.1	1.444553307	0
667.8	1.444534535	0
668.6	1.44451583	0
669.4	1.44449719	0
670.2	1.444478617	0
671.0	1.444460108	0
671.7	1.444441665	0
672.5	1.444423287	0
673.3	1.444404973	0
674.1	1.444386723	0
674.9	1.444368538	0
675.6	1.444350416	0
676.4	1.444332357	0
677.2	1.444314361	0
678.0	1.444296428	0
678.8	1.444278558	0
679.5	1.44426075	0
680.3	1.444243003	0
681.1	1.444225318	0
681.9	1.444207695	0
682.7	1.444190132	0
683.4	1.44417263	0
684.2	1.444155189	0
685.0	1.444137807	0
685.8	1.444120486	0
686.6	1.444103224	0
687.3	1.444086022	0
688.1	1.444068878	0
688.9	1.444051794	0
689.7	1.444034768	0
690.5	1.4440178	0
691.2	1.44400089	0
692.0	1.443984038	0
692.8	1.443967244	0
693.6	1.443950506	0
694.4	1.443933826	0
695.1	1.443917202	0
695.9	1.443900635	0
696.7	1.443884124	0
697.5	1.443867668	0
698.3	1.443851269	0
699.0	1.443834925	0
699.8	1.443818636	0
700.6	1.443802402	0
701.4	1.443786222	0
702.2	1.443770097	0
702.9	1.443754026	0
703.7	1.44373801	0
704.5	1.443722046	0
705.3	1.443706137	0
706.1	1.44369028	0
706.8	1.443674477	0
707.6	1.443658726	0
708.4	1.443643028	0
709.2	1.443627382	0
709.9	1.443611788	0
710.7	1.443596245	0
711.5	1.443580755	0
712.3	1.443565316	0
713.1	1.443549928	0
713.8	1.44353459	0
714.6	1.443519304	0
715.4	1.443504068	0
716.2	1.443488882	0
717.0	1.443473746	0
717.7	1.44345866	0
718.5	1.443443623	0
719.3	1.443428636	0
720.1	1.443413698	0
720.9	1.443398809	0
721.6	1.443383969	0
722.4	1.443369177	0
723.2	1.443354433	0
724.0	1.443339738	0
724.8	1.44332509	0
725.5	1.44331049	0
726.3	1.443295937	0
727.1	1.443281432	0
727.9	1.443266973	0
728.7	1.443252562	0
729.4	1.443238197	0
730.2	1.443223879	0
731.0	1.443209606	0
731.8	1.44319538	0
732.6	1.4431812	0
733.3	1.443167065	0
734.1	1.443152976	0
734.9	1.443138932	0
735.7	1.443124933	0
736.5	1.443110979	0
737.2	1.443097069	0
738.0	1.443083204	0
738.8	1.443069383	0
739.6	1.443055607	0
740.4	1.443041874	0
741.1	1.443028185	0
741.9	1.443014539	0
742.7	1.443000937	0
743.5	1.442987378	0
744.3	1.442973862	0
745.0	1.442960389	0
745.8	1.442946959	0
746.6	1.44293357	0
747.4	1.442920225	0
748.2	1.442906921	0
748.9	1.442893659	0
749.7	1.442880439	0
750.5	1.44286726	0
751.3	1.442854123	0
752.1	1.442841027	0
752.8	1.442827972	0
753.6	1.442814958	0
754.4	1.442801984	0
755.2	1.442789051	0
756.0	1.442776159	0
756.7	1.442763306	0
757.5	1.442750494	0
758.3	1.442737722	0
759.1	1.442724989	0
759.9	1.442712295	0
760.6	1.442699642	0
761.4	1.442687027	0
762.2	1.442674451	0
763.0	1.442661914	0
763.8	1.442649416	0
764.5	1.442636956	0
765.3	1.442624535	0
766.1	1.442612152	0
766.9	1.442599807	0
767.7	1.4425875	0
768.4	1.442575231	0
769.2	1.442563	0
770.0	1.442550805	0
770.8	1.442538649	0
771.6	1.442526529	0
772.3	1.442514446	0
773.1	1.4425024	0
773.9	1.442490391	0
774.7	1.442478419	0
775.5	1.442466482	0
776.2	1.442454582	0
777.0	1.442442719	0
777.8	1.442430891	0
778.6	1.442419099	0
779.4	1.442407342	0
780.1	1.442395621	0
780.9	1.442383936	0
781.7	1.442372286	0
782.5	1.442360671	0
783.3	1.44234909	0
784.0	1.442337545	0
784.8	1.442326034	0
785.6	1.442314558	0
786.4	1.442303116	0
787.2	1.442291709	0
787.9	1.442280336	0
788.7	1.442268996	0
789.5	1.442257691	0
790.3	1.442246419	0
791.1	1.442235181	0
791.8	1.442223976	0
792.6	1.442212804	0
793.4	1.442201666	0
794.2	1.442190561	0
795.0	1.442179489	0
795.7	1.442168449	0
796.5	1.442157442	0
797.3	1.442146468	0
798.1	1.442135526	0
798.9	1.442124617	0
799.6	1.442113739	0
800.4	1.442102894	0
801.2	1.44209208	0
802.0	1.442081298	0
802.8	1.442070548	0
803.5	1.44205983	0
804.3	1.442049142	0
805.1	1.442038487	0
805.9	1.442027862	0
806.7	1.442017268	0
807.4	1.442006705	0
808.2	1.441996173	0
809.0	1.441985672	0
809.8	1.441975201	0
810.6	1.441964761	0
811.3	1.441954351	0
812.1	1.441943971	0
812.9	1.441933621	0
813.7	1.441923301	0
814.5	1.441913011	0
815.2	1.441902751	0
816.0	1.441892521	0
816.8	1.44188232	0
817.6	1.441872148	0
818.4	1.441862006	0
819.1	1.441851892	0
819.9	1.441841808	0
820.7	1.441831753	0
821.5	1.441821727	0
822.3	1.441811729	0
823.0	1.44180176	0
823.8	1.441791819	0
824.6	1.441781907	0
825.4	1.441772023	0
826.2	1.441762168	0
826.9	1.44175234	0
827.7	1.44174254	0
828.5	1.441732769	0
829.3	1.441723025	0
830.1	1.441713308	0
830.8	1.441703619	0
831.6	1.441693958	0
832.4	1.441684324	0
833.2	1.441674717	0
834.0	1.441665137	0
834.7	1.441655585	0
835.5	1.441646059	0
836.3	1.44163656	0
837.1	1.441627088	0
837.8	1.441617642	0
838.6	1.441608223	0
839.4	1.441598831	0
840.2	1.441589464	0
841.0	1.441580124	0
841.7	1.44157081	0
842.5	1.441561523	0
843.3	1.441552261	0
844.1	1.441543025	0
844.9	1.441533814	0
845.6	1.441524629	0
846.4	1.44151547	0
847.2	1.441506336	0
848.0	1.441497228	0
848.8	1.441488145	0
849.5	1.441479087	0
850.3	1.441470054	0
851.1	1.441461046	0
851.9	1.441452063	0
852.7	1.441443105	0
853.4	1.441434172	0
854.2	1.441425263	0
855.0	1.441416379	0
855.8	1.441407519	0
856.6	1.441398683	0
857.3	1.441389872	0
858.1	1.441381085	0
858.9	1.441372322	0
859.7	1.441363583	0
860.5	1.441354868	0
861.2	1.441346177	0
862.0	1.441337509	0
862.8	1.441328865	0
863.6	1.441320245	0
864.4	1.441311648	0
865.1	1.441303075	0
865.9	1.441294525	0
866.7	1.441285998	0
867.5	1.441277494	0
868.3	1.441269013	0
869.0	1.441260556	0
869.8	1.441252121	0
870.6	1.441243709	0
871.4	1.441235319	0
872.2	1.441226953	0
872.9	1.441218608	0
873.7	1.441210287	0
874.5	1.441201988	0
875.3	1.441193711	0
876.1	1.441185456	0
876.8	1.441177223	0
877.6	1.441169013	0
878.4	1.441160824	0
879.2	1.441152658	0
880.0	1.441144513	0
880.7	1.44113639	0
881.5	1.441128289	0
882.3	1.441120209	0
883.1	1.441112151	0
883.9	1.441104115	0
884.6	1.441096099	0
885.4	1.441088105	0
886.2	1.441080133	0
887.0	1.441072181	0
887.8	1.44106425	0
888.5	1.441056341	0
889.3	1.441048452	0
890.1	1.441040585	0
890.9	1.441032738	0
891.7	1.441024911	0
892.4	1.441017106	0
893.2	1.441009321	0
894.0	1.441001556	0
894.8	1.440993812	0
895.6	1.440986088	0
896.3	1.440978385	0
897.1	1.440970702	0
897.9	1.440963038	0
898.7	1.440955395	0
899.5	1.440947772	0
