300.5	1.477524798	0
301.3	1.477305714	0
302.1	1.477088422	0
302.9	1.476872901	0
303.6	1.476659132	0
304.4	1.476447095	0
305.2	1.476236772	0
306.0	1.476028144	0
306.8	1.475821193	0
307.5	1.4756159	0
308.3	1.475412248	0
309.1	1.475210218	0
309.9	1.475009794	0
310.7	1.474810959	0
311.4	1.474613695	0
312.2	1.474417985	0
313.0	1.474223814	0
313.8	1.474031164	0
314.6	1.473840021	0
315.3	1.473650367	0
316.1	1.473462187	0
316.9	1.473275467	0
317.7	1.47309019	0
318.5	1.472906342	0
319.2	1.472723908	0
320.0	1.472542873	0
320.8	1.472363222	0
321.6	1.472184943	0
322.4	1.472008019	0
323.1	1.471832438	0
323.9	1.471658187	0
324.7	1.47148525	0
325.5	1.471313615	0
326.2	1.471143269	0
327.0	1.470974199	0
327.8	1.470806392	0
328.6	1.470639835	0
329.4	1.470474516	0
330.1	1.470310422	0
330.9	1.470147541	0
331.7	1.469985861	0
332.5	1.46982537	0
333.3	1.469666057	0
334.0	1.469507909	0
334.8	1.469350916	0
335.6	1.469195066	0
336.4	1.469040347	0
337.2	1.468886749	0
337.9	1.468734261	0
338.7	1.468582872	0
339.5	1.468432572	0
340.3	1.468283349	0
341.1	1.468135194	0
341.8	1.467988095	0
342.6	1.467842045	0
343.4	1.467697031	0
344.2	1.467553044	0
345.0	1.467410074	0
345.7	1.467268113	0
346.5	1.467127149	0
347.3	1.466987175	0
348.1	1.466848179	0
348.9	1.466710154	0
349.6	1.46657309	0
350.4	1.466436978	0
351.2	1.46630181	0
352.0	1.466167576	0
352.8	1.466034267	0
353.5	1.465901876	0
354.3	1.465770394	0
355.1	1.465639812	0
355.9	1.465510122	0
356.7	1.465381316	0
357.4	1.465253386	0
358.2	1.465126323	0
359.0	1.465000121	0
359.8	1.46487477	0
360.6	1.464750264	0
361.3	1.464626595	0
362.1	1.464503754	0
362.9	1.464381736	0
363.7	1.464260532	0
364.5	1.464140134	0
365.2	1.464020537	0
366.0	1.463901732	0
366.8	1.463783713	0
367.6	1.463666473	0
368.4	1.463550004	0
369.1	1.4634343	0
369.9	1.463319355	0
370.7	1.463205161	0
371.5	1.463091712	0
372.3	1.462979001	0
373.0	1.462867022	0
373.8	1.462755769	0
374.6	1.462645235	0
375.4	1.462535415	0
376.2	1.462426301	0
376.9	1.462317887	0
377.7	1.462210169	0
378.5	1.462103139	0
379.3	1.461996792	0
380.1	1.461891122	0
380.8	1.461786123	0
381.6	1.46168179	0
382.4	1.461578117	0
383.2	1.461475097	0
384.0	1.461372727	0
384.7	1.461270999	0
385.5	1.46116991	0
386.3	1.461069453	0
387.1	1.460969623	0
387.9	1.460870414	0
388.6	1.460771823	0
389.4	1.460673843	0
390.2	1.460576469	0
391.0	1.460479697	0
391.8	1.460383521	0
392.5	1.460287937	0
393.3	1.46019294	0
394.1	1.460098524	0
394.9	1.460004685	0
395.7	1.459911418	0
396.4	1.459818719	0
397.2	1.459726583	0
398.0	1.459635006	0
398.8	1.459543982	0
399.6	1.459453508	0
400.3	1.459363578	0
401.1	1.459274189	0
401.9	1.459185336	0
402.7	1.459097015	0
403.5	1.459009222	0
404.2	1.458921952	0
405.0	1.458835201	0
405.8	1.458748965	0
406.6	1.45866324	0
407.4	1.458578022	0
408.1	1.458493306	0
408.9	1.45840909	0
409.7	1.458325369	0
410.5	1.458242138	0
411.3	1.458159395	0
412.0	1.458077135	0
412.8	1.457995355	0
413.6	1.45791405	0
414.4	1.457833218	0
415.2	1.457752854	0
415.9	1.457672955	0
416.7	1.457593517	0
417.5	1.457514536	0
418.3	1.45743601	0
419.1	1.457357935	0
419.8	1.457280306	0
420.6	1.457203121	0
421.4	1.457126377	0
422.2	1.457050069	0
423.0	1.456974195	0
423.7	1.456898752	0
424.5	1.456823735	0
425.3	1.456749142	0
426.1	1.45667497	0
426.9	1.456601215	0
427.6	1.456527875	0
428.4	1.456454945	0
429.2	1.456382424	0
430.0	1.456310308	0
430.8	1.456238593	0
431.5	1.456167278	0
432.3	1.456096359	0
433.1	1.456025832	0
433.9	1.455955696	0
434.7	1.455885947	0
435.4	1.455816582	0
436.2	1.455747599	0
437.0	1.455678995	0
437.8	1.455610767	0
438.6	1.455542911	0
439.3	1.455475427	0
440.1	1.45540831	0
440.9	1.455341558	0
441.7	1.455275168	0
442.5	1.455209138	0
443.2	1.455143466	0
444.0	1.455078148	0
444.8	1.455013182	0
445.6	1.454948565	0
446.4	1.454884295	0
447.1	1.45482037	0
447.9	1.454756787	0
448.7	1.454693543	0
449.5	1.454630637	0
450.3	1.454568065	0
451.0	1.454505825	0
451.8	1.454443916	0
452.6	1.454382334	0
453.4	1.454321077	0
454.1	1.454260143	0
454.9	1.45419953	0
455.7	1.454139235	0
456.5	1.454079257	0
457.3	1.454019592	0
458.0	1.45396024	0
458.8	1.453901197	0
459.6	1.453842461	0
460.4	1.453784031	0
461.2	1.453725904	0
461.9	1.453668078	0
462.7	1.453610551	0
463.5	1.45355332	0
464.3	1.453496385	0
465.1	1.453439743	0
465.8	1.453383391	0
466.6	1.453327328	0
467.4	1.453271552	0
468.2	1.453216061	0
469.0	1.453160853	0
469.7	1.453105925	0
470.5	1.453051277	0
471.3	1.452996906	0
472.1	1.45294281	0
472.9	1.452888988	0
473.6	1.452835437	0
474.4	1.452782157	0
475.2	1.452729143	0
476.0	1.452676397	0
476.8	1.452623914	0
477.5	1.452571694	0
478.3	1.452519735	0
479.1	1.452468035	0
479.9	1.452416592	0
480.7	1.452365405	0
481.4	1.452314471	0
482.2	1.45226379	0
483.0	1.45221336	0
483.8	1.452163178	0
484.6	1.452113244	0
485.3	1.452063555	0
486.1	1.452014111	0
486.9	1.451964908	0
487.7	1.451915947	0
488.5	1.451867225	0
489.2	1.45181874	0
490.0	1.451770492	0
490.8	1.451722478	0
491.6	1.451674698	0
492.4	1.451627148	0
493.1	1.451579829	0
493.9	1.451532739	0
494.7	1.451485875	0
495.5	1.451439237	0
496.3	1.451392824	0
497.0	1.451346633	0
497.8	1.451300663	0
498.6	1.451254913	0
499.4	1.451209382	0
500.2	1.451164068	0
500.9	1.451118969	0
501.7	1.451074085	0
502.5	1.451029414	0
503.3	1.450984954	0
504.1	1.450940705	0
504.8	1.450896664	0
505.6	1.450852831	0
506.4	1.450809205	0
507.2	1.450765783	0
508.0	1.450722565	0
508.7	1.45067955	0
509.5	1.450636735	0
510.3	1.450594121	0
511.1	1.450551705	0
511.9	1.450509487	0
512.6	1.450467465	0
513.4	1.450425638	0
514.2	1.450384005	0
515.0	1.450342564	0
515.8	1.450301314	0
516.5	1.450260255	0
517.3	1.450219385	0
518.1	1.450178703	0
518.9	1.450138207	0
519.7	1.450097897	0
520.4	1.450057771	0
521.2	1.450017829	0
522.0	1.449978069	0
522.8	1.44993849	0
523.6	1.44989909	0
524.3	1.44985987	0
525.1	1.449820828	0
525.9	1.449781962	0
526.7	1.449743272	0
527.5	1.449704756	0
528.2	1.449666414	0
529.0	1.449628244	0
529.8	1.449590246	0
530.6	1.449552418	0
531.4	1.449514759	0
532.1	1.449477269	0
532.9	1.449439947	0
533.7	1.44940279	0
534.5	1.449365799	0
535.3	1.449328973	0
536.0	1.449292309	0
536.8	1.449255809	0
537.6	1.449219469	0
538.4	1.449183291	0
539.2	1.449147271	0
539.9	1.449111411	0
540.7	1.449075708	0
541.5	1.449040162	0
542.3	1.449004772	0
543.1	1.448969536	0
543.8	1.448934455	0
544.6	1.448899527	0
545.4	1.448864751	0
546.2	1.448830126	0
547.0	1.448795652	0
547.7	1.448761328	0
548.5	1.448727152	0
549.3	1.448693124	0
550.1	1.448659243	0
550.9	1.448625509	0
551.6	1.448591919	0
552.4	1.448558474	0
553.2	1.448525173	0
554.0	1.448492015	0
554.8	1.448458998	0
555.5	1.448426123	0
556.3	1.448393388	0
557.1	1.448360793	0
557.9	1.448328336	0
558.7	1.448296018	0
559.4	1.448263837	0
560.2	1.448231792	0
561.0	1.448199883	0
561.8	1.448168108	0
562.6	1.448136468	0
563.3	1.448104961	0
564.1	1.448073587	0
564.9	1.448042345	0
565.7	1.448011234	0
566.5	1.447980253	0
567.2	1.447949402	0
568.0	1.44791868	0
568.8	1.447888086	0
569.6	1.44785762	0
570.4	1.44782728	0
571.1	1.447797067	0
571.9	1.447766979	0
572.7	1.447737016	0
573.5	1.447707176	0
574.3	1.44767746	0
575.0	1.447647867	0
575.8	1.447618395	0
576.6	1.447589045	0
577.4	1.447559816	0
578.2	1.447530706	0
578.9	1.447501716	0
579.7	1.447472845	0
580.5	1.447444091	0
581.3	1.447415455	0
582.0	1.447386935	0
582.8	1.447358532	0
583.6	1.447330244	0
584.4	1.447302071	0
585.2	1.447274012	0
585.9	1.447246067	0
586.7	1.447218234	0
587.5	1.447190514	0
588.3	1.447162906	0
589.1	1.447135409	0
589.8	1.447108022	0
590.6	1.447080746	0
591.4	1.447053579	0
592.2	1.44702652	0
593.0	1.44699957	0
593.7	1.446972727	0
594.5	1.446945992	0
595.3	1.446919363	0
596.1	1.44689284	0
596.9	1.446866422	0
597.6	1.446840109	0
598.4	1.4468139	0
599.2	1.446787795	0
600.0	1.446761793	0
600.8	1.446735893	0
601.5	1.446710096	0
602.3	1.4466844	0
603.1	1.446658805	0
603.9	1.446633311	0
604.7	1.446607917	0
605.4	1.446582622	0
606.2	1.446557425	0
607.0	1.446532328	0
607.8	1.446507328	0
608.6	1.446482425	0
609.3	1.446457619	0
610.1	1.44643291	0
610.9	1.446408296	0
611.7	1.446383778	0
612.5	1.446359354	0
613.2	1.446335025	0
614.0	1.44631079	0
614.8	1.446286648	0
615.6	1.446262599	0
616.4	1.446238642	0
617.1	1.446214778	0
617.9	1.446191005	0
618.7	1.446167323	0
619.5	1.446143731	0
620.3	1.446120229	0
621.0	1.446096818	0
621.8	1.446073495	0
622.6	1.446050261	0
623.4	1.446027115	0
624.2	1.446004057	0
624.9	1.445981087	0
625.7	1.445958203	0
626.5	1.445935406	0
627.3	1.445912695	0
628.1	1.445890069	0
628.8	1.445867529	0
629.6	1.445845073	0
630.4	1.445822702	0
631.2	1.445800415	0
632.0	1.445778211	0
632.7	1.44575609	0
633.5	1.445734052	0
634.3	1.445712096	0
635.1	1.445690222	0
635.9	1.445668429	0
636.6	1.445646718	0
637.4	1.445625087	0
638.2	1.445603536	0
639.0	1.445582065	0
639.8	1.445560673	0
640.5	1.445539361	0
641.3	1.445518127	0
642.1	1.445496971	0
642.9	1.445475894	0
643.7	1.445454893	0
644.4	1.44543397	0
645.2	1.445413124	0
646.0	1.445392354	0
646.8	1.44537166	0
647.6	1.445351041	0
648.3	1.445330498	0
649.1	1.44531003	0
649.9	1.445289636	0
650.7	1.445269316	0
651.5	1.44524907	0
652.2	1.445228898	0
653.0	1.445208798	0
653.8	1.445188771	0
654.6	1.445168817	0
655.4	1.445148935	0
656.1	1.445129124	0
656.9	1.445109385	0
657.7	1.445089716	0
658.5	1.445070119	0
659.3	1.445050591	0
660.0	1.445031134	0
660.8	1.445011746	0
661.6	1.444992427	0
662.4	1.444973178	0
663.2	1.444953997	0
663.9	1.444934884	0
664.7	1.44491584	0
665.5	1.444896863	0
666.3	1.444877953	0
667.1	1.44485911	0
667.8	1.444840335	0
668.6	1.444821625	0
669.4	1.444802982	0
670.2	1.444784404	0
671.0	1.444765892	0
671.7	1.444747445	0
672.5	1.444729063	0
673.3	1.444710745	0
674.1	1.444692491	0
674.9	1.444674302	0
675.6	1.444656176	0
676.4	1.444638114	0
677.2	1.444620114	0
678.0	1.444602177	0
678.8	1.444584303	0
679.5	1.444566491	0
680.3	1.444548741	0
681.1	1.444531052	0
681.9	1.444513425	0
682.7	1.444495858	0
683.4	1.444478353	0
684.2	1.444460908	0
685.0	1.444443523	0
685.8	1.444426198	0
686.6	1.444408932	0
687.3	1.444391726	0
688.1	1.444374579	0
688.9	1.444357491	0
689.7	1.444340461	0
690.5	1.44432349	0
691.2	1.444306577	0
692.0	1.444289721	0
692.8	1.444272923	0
693.6	1.444256182	0
694.4	1.444239498	0
695.1	1.444222871	0
695.9	1.4442063	0
696.7	1.444189785	0
697.5	1.444173327	0
698.3	1.444156924	0
699.0	1.444140576	0
699.8	1.444124283	0
700.6	1.444108046	0
701.4	1.444091863	0
702.2	1.444075735	0
702.9	1.444059661	0
703.7	1.44404364	0
704.5	1.444027674	0
705.3	1.444011761	0
706.1	1.443995901	0
706.8	1.443980094	0
707.6	1.44396434	0
708.4	1.443948638	0
709.2	1.443932989	0
709.9	1.443917392	0
710.7	1.443901846	0
711.5	1.443886352	0
712.3	1.44387091	0
713.1	1.443855518	0
713.8	1.443840178	0
714.6	1.443824888	0
715.4	1.443809649	0
716.2	1.44379446	0
717.0	1.443779321	0
717.7	1.443764231	0
718.5	1.443749192	0
719.3	1.443734201	0
720.1	1.44371926	0
720.9	1.443704368	0
721.6	1.443689524	0
722.4	1.443674729	0
723.2	1.443659983	0
724.0	1.443645284	0
724.8	1.443630633	0
725.5	1.44361603	0
726.3	1.443601474	0
727.1	1.443586966	0
727.9	1.443572504	0
728.7	1.44355809	0
729.4	1.443543722	0
730.2	1.443529401	0
731.0	1.443515125	0
731.8	1.443500896	0
732.6	1.443486713	0
733.3	1.443472575	0
734.1	1.443458483	0
734.9	1.443444436	0
735.7	1.443430434	0
736.5	1.443416477	0
737.2	1.443402564	0
738.0	1.443388696	0
738.8	1.443374873	0
739.6	1.443361093	0
740.4	1.443347357	0
741.1	1.443333665	0
741.9	1.443320017	0
742.7	1.443306412	0
743.5	1.44329285	0
744.3	1.443279331	0
745.0	1.443265855	0
745.8	1.443252422	0
746.6	1.443239031	0
747.4	1.443225682	0
748.2	1.443212376	0
748.9	1.443199111	0
749.7	1.443185888	0
750.5	1.443172707	0
751.3	1.443159567	0
752.1	1.443146468	0
752.8	1.44313341	0
753.6	1.443120393	0
754.4	1.443107417	0
755.2	1.443094481	0
756.0	1.443081586	0
756.7	1.443068731	0
757.5	1.443055916	0
758.3	1.443043141	0
759.1	1.443030405	0
759.9	1.443017709	0
760.6	1.443005052	0
761.4	1.442992435	0
762.2	1.442979857	0
763.0	1.442967317	0
763.8	1.442954816	0
764.5	1.442942354	0
765.3	1.44292993	0
766.1	1.442917545	0
766.9	1.442905197	0
767.7	1.442892888	0
768.4	1.442880616	0
769.2	1.442868382	0
770.0	1.442856185	0
770.8	1.442844025	0
771.6	1.442831903	0
772.3	1.442819818	0
773.1	1.442807769	0
773.9	1.442795758	0
774.7	1.442783783	0
775.5	1.442771844	0
776.2	1.442759941	0
777.0	1.442748075	0
777.8	1.442736245	0
778.6	1.44272445	0
779.4	1.442712691	0
780.1	1.442700968	0
780.9	1.44268928	0
781.7	1.442677627	0
782.5	1.44266601	0
783.3	1.442654427	0
784.0	1.442642879	0
784.8	1.442631366	0
785.6	1.442619888	0
786.4	1.442608443	0
787.2	1.442597033	0
787.9	1.442585658	0
788.7	1.442574316	0
789.5	1.442563008	0
790.3	1.442551734	0
791.1	1.442540493	0
791.8	1.442529286	0
792.6	1.442518112	0
793.4	1.442506972	0
794.2	1.442495864	0
795.0	1.442484789	0
795.7	1.442473748	0
796.5	1.442462738	0
797.3	1.442451762	0
798.1	1.442440818	0
798.9	1.442429906	0
799.6	1.442419026	0
