300.7	2.496877265	0.135654313
301.5	2.490961534	0.134256932
302.3	2.485117286	0.132877498
303.0	2.479343457	0.131515735
303.8	2.473639001	0.130171371
304.6	2.468002891	0.128844142
305.4	2.462434117	0.127533785
306.2	2.456931688	0.126240044
306.9	2.451494629	0.124962666
307.7	2.446121983	0.123701405
308.5	2.440812809	0.122456016
309.3	2.435566181	0.12122626
310.1	2.43038119	0.120011903
310.8	2.425256944	0.118812713
311.6	2.420192564	0.117628464
312.4	2.415187187	0.116458934
313.2	2.410239965	0.115303902
314.0	2.405350063	0.114163155
314.7	2.400516661	0.11303648
315.5	2.395738954	0.111923669
316.3	2.391016149	0.11082452
317.1	2.386347467	0.10973883
317.9	2.381732142	0.108666402
318.6	2.377169419	0.107607043
319.4	2.37265856	0.106560561
320.2	2.368198834	0.10552677
321.0	2.363789526	0.104505486
321.8	2.359429931	0.103496526
322.5	2.355119356	0.102499714
323.3	2.35085712	0.101514873
324.1	2.346642553	0.100541833
324.9	2.342474994	0.099580423
325.6	2.338353797	0.098630477
326.4	2.334278322	0.097691831
327.2	2.330247942	0.096764326
328.0	2.326262039	0.095847801
328.8	2.322320007	0.094942102
329.5	2.318421247	0.094047076
330.3	2.314565172	0.093162572
331.1	2.310751203	0.092288442
331.9	2.30697877	0.09142454
332.7	2.303247314	0.090570723
333.4	2.299556283	0.08972685
334.2	2.295905135	0.088892783
335.0	2.292293336	0.088068384
335.8	2.28872036	0.087253521
336.6	2.285185691	0.08644806
337.3	2.281688819	0.085651872
338.1	2.278229243	0.084864829
338.9	2.27480647	0.084086805
339.7	2.271420015	0.083317677
340.5	2.2680694	0.082557323
341.2	2.264754155	0.081805622
342.0	2.261473815	0.081062458
342.8	2.258227927	0.080327714
343.6	2.255016039	0.079601275
344.4	2.251837712	0.07888303
345.1	2.248692509	0.078172867
345.9	2.245580002	0.077470678
346.7	2.242499768	0.076776356
347.5	2.239451394	0.076089795
348.3	2.236434468	0.075410891
349.0	2.23344859	0.074739542
349.8	2.230493361	0.074075648
350.6	2.22756839	0.073419108
351.4	2.224673294	0.072769827
352.1	2.221807692	0.072127706
352.9	2.218971212	0.071492653
353.7	2.216163485	0.070864574
354.5	2.21338415	0.070243376
355.3	2.210632849	0.069628971
356.0	2.207909231	0.069021269
356.8	2.205212949	0.068420181
357.6	2.202543662	0.067825624
358.4	2.199901034	0.06723751
359.2	2.197284734	0.066655757
359.9	2.194694436	0.066080282
360.7	2.192129817	0.065511004
361.5	2.189590561	0.064947844
362.3	2.187076356	0.064390721
363.1	2.184586895	0.06383956
363.8	2.182121873	0.063294284
364.6	2.179680992	0.062754816
365.4	2.177263958	0.062221084
366.2	2.174870481	0.061693015
367.0	2.172500275	0.061170535
367.7	2.170153057	0.060653575
368.5	2.16782855	0.060142065
369.3	2.16552648	0.059635935
370.1	2.163246577	0.059135118
370.9	2.160988575	0.058639548
371.6	2.158752212	0.058149158
372.4	2.15653723	0.057663883
373.2	2.154343372	0.057183661
374.0	2.152170389	0.056708427
374.8	2.150018031	0.056238119
375.5	2.147886056	0.055772677
376.3	2.145774222	0.055312041
377.1	2.143682292	0.05485615
377.9	2.141610031	0.054404946
378.6	2.13955721	0.053958372
379.4	2.137523599	0.053516371
380.2	2.135508975	0.053078886
381.0	2.133513116	0.052645862
381.8	2.131535805	0.052217245
382.5	2.129576825	0.051792982
383.3	2.127635965	0.051373018
384.1	2.125713014	0.050957303
384.9	2.123807767	0.050545784
385.7	2.12192002	0.050138411
386.4	2.120049572	0.049735133
387.2	2.118196225	0.049335902
388.0	2.116359783	0.048940669
388.8	2.114540054	0.048549386
389.6	2.112736847	0.048162005
390.3	2.110949975	0.047778481
391.1	2.109179252	0.047398766
391.9	2.107424496	0.047022816
392.7	2.105685527	0.046650586
393.5	2.103962167	0.046282032
394.2	2.102254241	0.045917111
395.0	2.100561576	0.045555779
395.8	2.098884	0.045197994
396.6	2.097221347	0.044843715
397.4	2.095573448	0.0444929
398.1	2.093940141	0.044145509
398.9	2.092321264	0.043801502
399.7	2.090716657	0.043460839
400.5	2.089126162	0.043123482
401.3	2.087549623	0.042789392
402.0	2.085986888	0.042458531
402.8	2.084437805	0.042130861
403.6	2.082902224	0.041806347
404.4	2.081379998	0.041484951
405.2	2.07987098	0.041166637
405.9	2.078375029	0.040851371
406.7	2.076892	0.040539116
407.5	2.075421756	0.04022984
408.3	2.073964156	0.039923508
409.0	2.072519065	0.039620085
409.8	2.071086349	0.03931954
410.6	2.069665873	0.039021839
411.4	2.068257507	0.03872695
412.2	2.066861121	0.038434842
412.9	2.065476588	0.038145482
413.7	2.06410378	0.037858841
414.5	2.062742574	0.037574886
415.3	2.061392845	0.03729359
416.1	2.060054473	0.03701492
416.8	2.058727338	0.036738849
417.6	2.05741132	0.036465346
418.4	2.056106303	0.036194384
419.2	2.054812172	0.035925934
420.0	2.053528811	0.035659968
420.7	2.052256109	0.035396459
421.5	2.050993954	0.03513538
422.3	2.049742237	0.034876703
423.1	2.048500848	0.034620402
423.9	2.04726968	0.034366452
424.6	2.046048628	0.034114825
425.4	2.044837587	0.033865498
426.2	2.043636453	0.033618444
427.0	2.042445126	0.033373638
427.8	2.041263503	0.033131057
428.5	2.040091485	0.032890676
429.3	2.038928975	0.032652471
430.1	2.037775875	0.032416419
430.9	2.036632089	0.032182496
431.7	2.035497522	0.031950679
432.4	2.03437208	0.031720946
433.2	2.033255673	0.031493274
434.0	2.032148206	0.031267641
434.8	2.031049592	0.031044025
435.5	2.02995974	0.030822404
436.3	2.028878562	0.030602757
437.1	2.027805972	0.030385064
437.9	2.026741883	0.030169303
438.7	2.02568621	0.029955453
439.4	2.02463887	0.029743495
440.2	2.023599779	0.029533408
441.0	2.022568856	0.029325173
441.8	2.021546019	0.02911877
442.6	2.020531189	0.02891418
443.3	2.019524286	0.028711384
444.1	2.018525232	0.028510362
444.9	2.01753395	0.028311096
445.7	2.016550364	0.028113569
446.5	2.015574398	0.027917761
447.2	2.014605978	0.027723655
448.0	2.013645029	0.027531232
448.8	2.01269148	0.027340477
449.6	2.011745258	0.027151371
450.4	2.010806292	0.026963896
451.1	2.009874512	0.026778037
451.9	2.008949848	0.026593777
452.7	2.008032232	0.026411099
453.5	2.007121595	0.026229987
454.3	2.006217871	0.026050424
455.0	2.005320992	0.025872396
455.8	2.004430895	0.025695886
456.6	2.003547513	0.025520878
457.4	2.002670783	0.025347358
458.2	2.001800641	0.02517531
458.9	2.000937025	0.025004719
459.7	2.000079873	0.024835571
460.5	1.999229123	0.024667851
461.3	1.998384715	0.024501544
462.0	1.99754659	0.024336636
462.8	1.996714687	0.024173113
463.6	1.995888949	0.024010961
464.4	1.995069317	0.023850167
465.2	1.994255735	0.023690717
465.9	1.993448146	0.023532597
466.7	1.992646493	0.023375793
467.5	1.991850723	0.023220294
468.3	1.991060779	0.023066085
469.1	1.990276608	0.022913155
469.8	1.989498157	0.02276149
470.6	1.988725372	0.022611077
471.4	1.987958201	0.022461905
472.2	1.987196593	0.022313962
473.0	1.986440496	0.022167234
473.7	1.985689861	0.02202171
474.5	1.984944635	0.021877378
475.3	1.984204772	0.021734227
476.1	1.98347022	0.021592245
476.9	1.982740933	0.021451421
477.6	1.982016861	0.021311742
478.4	1.981297959	0.021173199
479.2	1.980584178	0.021035779
480.0	1.979875473	0.020899473
480.8	1.979171797	0.020764269
481.5	1.978473106	0.020630157
482.3	1.977779355	0.020497125
483.1	1.977090499	0.020365164
483.9	1.976406494	0.020234263
484.7	1.975727297	0.020104413
485.4	1.975052865	0.019975602
486.2	1.974383156	0.019847821
487.0	1.973718127	0.019721061
487.8	1.973057737	0.019595311
488.5	1.972401944	0.019470561
489.3	1.971750709	0.019346803
490.1	1.971103991	0.019224026
490.9	1.970461749	0.019102222
491.7	1.969823945	0.018981381
492.4	1.96919054	0.018861494
493.2	1.968561495	0.018742552
494.0	1.967936771	0.018624546
494.8	1.967316332	0.018507467
495.6	1.966700138	0.018391307
496.3	1.966088155	0.018276057
497.1	1.965480345	0.018161708
497.9	1.964876671	0.018048252
498.7	1.964277098	0.017935681
499.5	1.963681591	0.017823986
500.2	1.963090114	0.017713159
501.0	1.962502632	0.017603192
501.8	1.961919112	0.017494077
502.6	1.961339519	0.017385806
503.4	1.960763819	0.017278372
504.1	1.96019198	0.017171766
504.9	1.959623968	0.017065981
505.7	1.95905975	0.01696101
506.5	1.958499294	0.016856844
507.3	1.957942569	0.016753477
508.0	1.957389542	0.0166509
508.8	1.956840183	0.016549108
509.6	1.956294459	0.016448093
510.4	1.955752341	0.016347846
511.2	1.955213799	0.016248363
511.9	1.954678801	0.016149635
512.7	1.954147318	0.016051656
513.5	1.953619322	0.015954419
514.3	1.953094782	0.015857916
515.0	1.952573669	0.015762143
515.8	1.952055956	0.015667091
516.6	1.951541614	0.015572755
517.4	1.951030614	0.015479128
518.2	1.950522929	0.015386203
518.9	1.950018532	0.015293975
519.7	1.949517395	0.015202436
520.5	1.949019492	0.015111582
521.3	1.948524796	0.015021405
522.1	1.948033279	0.0149319
522.8	1.947544918	0.01484306
523.6	1.947059684	0.014754881
524.4	1.946577553	0.014667355
525.2	1.9460985	0.014580477
526.0	1.945622499	0.014494241
526.7	1.945149526	0.014408642
527.5	1.944679555	0.014323674
528.3	1.944212562	0.014239331
529.1	1.943748524	0.014155609
529.9	1.943287416	0.0140725
530.6	1.942829215	0.013990001
531.4	1.942373897	0.013908105
532.2	1.941921439	0.013826808
533.0	1.941471818	0.013746104
533.8	1.941025012	0.013665988
534.5	1.940580997	0.013586454
535.3	1.940139751	0.013507499
536.1	1.939701253	0.013429116
536.9	1.93926548	0.013351301
537.7	1.93883241	0.013274048
538.4	1.938402023	0.013197354
539.2	1.937974296	0.013121213
540.0	1.93754921	0.01304562
540.8	1.937126742	0.01297057
541.5	1.936706872	0.01289606
542.3	1.93628958	0.012822084
543.1	1.935874846	0.012748637
543.9	1.935462649	0.012675716
544.7	1.935052969	0.012603315
545.4	1.934645788	0.012531431
546.2	1.934241084	0.012460058
547.0	1.933838839	0.012389192
547.8	1.933439034	0.01231883
548.6	1.93304165	0.012248967
549.3	1.932646667	0.012179598
550.1	1.932254068	0.012110719
550.9	1.931863834	0.012042327
551.7	1.931475946	0.011974417
552.5	1.931090387	0.011906985
553.2	1.930707138	0.011840026
554.0	1.930326182	0.011773538
554.8	1.929947501	0.011707516
555.6	1.929571077	0.011641956
556.4	1.929196894	0.011576854
557.1	1.928824934	0.011512207
557.9	1.928455181	0.01144801
558.7	1.928087616	0.011384261
559.5	1.927722225	0.011320954
560.3	1.92735899	0.011258087
561.0	1.926997895	0.011195655
561.8	1.926638923	0.011133656
562.6	1.926282059	0.011072085
563.4	1.925927287	0.011010939
564.2	1.925574591	0.010950215
564.9	1.925223956	0.010889909
565.7	1.924875365	0.010830018
566.5	1.924528804	0.010770537
567.3	1.924184257	0.010711465
568.1	1.923841709	0.010652797
568.8	1.923501146	0.010594529
569.6	1.923162552	0.01053666
570.4	1.922825913	0.010479186
571.2	1.922491215	0.010422102
571.9	1.922158443	0.010365407
572.7	1.921827582	0.010309097
573.5	1.921498619	0.010253169
574.3	1.921171539	0.010197619
575.1	1.920846329	0.010142446
575.8	1.920522975	0.010087644
576.6	1.920201464	0.010033213
577.4	1.919881781	0.009979148
578.2	1.919563913	0.009925447
579.0	1.919247848	0.009872106
579.7	1.918933571	0.009819123
580.5	1.91862107	0.009766496
581.3	1.918310332	0.00971422
582.1	1.918001344	0.009662294
582.9	1.917694094	0.009610714
583.6	1.917388568	0.009559478
584.4	1.917084755	0.009508583
585.2	1.916782642	0.009458026
586.0	1.916482216	0.009407805
586.8	1.916183466	0.009357917
587.5	1.915886379	0.009308358
588.3	1.915590944	0.009259128
589.1	1.915297148	0.009210223
589.9	1.915004981	0.00916164
590.7	1.914714429	0.009113376
591.4	1.914425482	0.009065431
592.2	1.914138129	0.0090178
593.0	1.913852358	0.008970482
593.8	1.913568157	0.008923473
594.6	1.913285516	0.008876772
595.3	1.913004423	0.008830377
596.1	1.912724868	0.008784283
596.9	1.91244684	0.008738491
597.7	1.912170327	0.008692996
598.4	1.91189532	0.008647797
599.2	1.911621807	0.008602891
600.0	1.911349779	0.008558277
600.8	1.911079224	0.008513951
601.6	1.910810133	0.008469912
602.3	1.910542495	0.008426157
603.1	1.9102763	0.008382685
603.9	1.910011538	0.008339492
604.7	1.909748199	0.008296578
605.5	1.909486273	0.008253939
606.2	1.90922575	0.008211573
607.0	1.908966621	0.008169479
607.8	1.908708876	0.008127655
608.6	1.908452505	0.008086097
609.4	1.9081975	0.008044805
610.1	1.90794385	0.008003776
610.9	1.907691546	0.007963009
611.7	1.907440579	0.007922501
612.5	1.907190939	0.00788225
613.3	1.906942619	0.007842254
614.0	1.906695608	0.007802511
614.8	1.906449897	0.00776302
615.6	1.906205479	0.007723779
616.4	1.905962344	0.007684785
617.2	1.905720483	0.007646037
617.9	1.905479888	0.007607533
618.7	1.905240549	0.007569271
619.5	1.90500246	0.007531249
620.3	1.90476561	0.007493466
621.1	1.904529993	0.007455919
621.8	1.904295598	0.007418607
622.6	1.90406242	0.007381528
623.4	1.903830448	0.007344681
624.2	1.903599675	0.007308063
624.9	1.903370093	0.007271674
625.7	1.903141694	0.00723551
626.5	1.90291447	0.007199571
627.3	1.902688414	0.007163855
628.1	1.902463516	0.00712836
628.8	1.902239771	0.007093084
629.6	1.90201717	0.007058027
630.4	1.901795705	0.007023185
631.2	1.901575369	0.006988559
632.0	1.901356155	0.006954146
632.7	1.901138055	0.006919944
633.5	1.900921061	0.006885952
634.3	1.900705168	0.006852169
635.1	1.900490366	0.006818593
635.9	1.900276649	0.006785222
636.6	1.900064011	0.006752054
637.4	1.899852443	0.00671909
638.2	1.899641939	0.006686326
639.0	1.899432492	0.006653762
639.8	1.899224095	0.006621396
640.5	1.899016741	0.006589226
641.3	1.898810424	0.006557251
642.1	1.898605137	0.00652547
642.9	1.898400872	0.006493882
643.7	1.898197624	0.006462484
644.4	1.897995386	0.006431276
645.2	1.897794151	0.006400256
646.0	1.897593913	0.006369423
646.8	1.897394665	0.006338775
647.6	1.897196401	0.006308312
648.3	1.896999115	0.006278031
649.1	1.896802801	0.006247932
649.9	1.896607452	0.006218012
650.7	1.896413061	0.006188272
651.4	1.896219624	0.00615871
652.2	1.896027134	0.006129323
653.0	1.895835584	0.006100112
653.8	1.89564497	0.006071074
654.6	1.895455284	0.006042209
655.3	1.895266521	0.006013516
656.1	1.895078676	0.005984992
656.9	1.894891742	0.005956638
657.7	1.894705713	0.005928451
658.5	1.894520585	0.005900431
659.2	1.89433635	0.005872576
660.0	1.894153005	0.005844885
660.8	1.893970542	0.005817357
661.6	1.893788957	0.005789991
662.4	1.893608244	0.005762786
663.1	1.893428397	0.005735741
663.9	1.893249412	0.005708854
664.7	1.893071282	0.005682124
665.5	1.892894003	0.005655551
666.3	1.892717569	0.005629132
667.0	1.892541975	0.005602868
667.8	1.892367216	0.005576757
668.6	1.892193286	0.005550798
669.4	1.89202018	0.005524989
670.2	1.891847894	0.005499331
670.9	1.891676422	0.005473821
671.7	1.89150576	0.005448459
672.5	1.891335901	0.005423243
673.3	1.891166842	0.005398174
674.1	1.890998577	0.005373249
674.8	1.890831102	0.005348467
675.6	1.890664412	0.005323829
676.4	1.890498501	0.005299332
677.2	1.890333366	0.005274976
677.9	1.890169001	0.00525076
678.7	1.890005402	0.005226682
679.5	1.889842564	0.005202742
680.3	1.889680482	0.00517894
681.1	1.889519152	0.005155273
681.8	1.88935857	0.005131741
682.6	1.88919873	0.005108343
683.4	1.889039629	0.005085079
684.2	1.888881261	0.005061947
685.0	1.888723623	0.005038946
685.7	1.888566711	0.005016076
686.5	1.888410518	0.004993335
687.3	1.888255042	0.004970723
688.1	1.888100279	0.004948239
688.9	1.887946223	0.004925882
689.6	1.88779287	0.004903651
690.4	1.887640218	0.004881545
691.2	1.88748826	0.004859564
692.0	1.887336993	0.004837706
692.8	1.887186414	0.004815971
693.5	1.887036517	0.004794358
694.3	1.886887299	0.004772866
695.1	1.886738756	0.004751494
695.9	1.886590884	0.004730242
696.7	1.886443679	0.004709109
697.4	1.886297137	0.004688093
698.2	1.886151254	0.004667195
699.0	1.886006026	0.004646412
699.8	1.885861449	0.004625746
700.6	1.88571752	0.004605194
701.3	1.885574235	0.004584756
702.1	1.88543159	0.004564432
702.9	1.885289581	0.00454422
703.7	1.885148204	0.004524119
704.4	1.885007456	0.00450413
705.2	1.884867333	0.004484251
706.0	1.884727832	0.004464481
706.8	1.884588949	0.004444821
707.6	1.88445068	0.004425268
708.3	1.884313022	0.004405823
709.1	1.884175971	0.004386485
709.9	1.884039524	0.004367252
710.7	1.883903678	0.004348125
711.5	1.883768428	0.004329102
712.2	1.883633771	0.004310184
713.0	1.883499704	0.004291368
713.8	1.883366224	0.004272656
714.6	1.883233328	0.004254045
715.4	1.883101011	0.004235535
716.1	1.88296927	0.004217126
716.9	1.882838103	0.004198816
717.7	1.882707506	0.004180606
718.5	1.882577476	0.004162495
719.3	1.882448009	0.004144481
720.0	1.882319103	0.004126565
720.8	1.882190753	0.004108746
721.6	1.882062958	0.004091023
722.4	1.881935714	0.004073395
723.2	1.881809017	0.004055862
723.9	1.881682865	0.004038423
724.7	1.881557254	0.004021078
725.5	1.881432183	0.004003826
726.3	1.881307646	0.003986666
727.1	1.881183643	0.003969598
727.8	1.881060168	0.003952621
728.6	1.880937221	0.003935735
729.4	1.880814796	0.003918939
730.2	1.880692893	0.003902233
730.9	1.880571507	0.003885616
731.7	1.880450637	0.003869086
732.5	1.880330278	0.003852645
733.3	1.880210428	0.003836291
734.1	1.880091085	0.003820024
734.8	1.879972246	0.003803842
735.6	1.879853907	0.003787747
736.4	1.879736066	0.003771736
737.2	1.879618721	0.00375581
738.0	1.879501867	0.003739968
738.7	1.879385504	0.003724209
739.5	1.879269628	0.003708533
740.3	1.879154236	0.00369294
741.1	1.879039326	0.003677428
741.9	1.878924895	0.003661998
742.6	1.878810941	0.003646649
743.4	1.878697461	0.00363138
744.2	1.878584452	0.003616191
745.0	1.878471911	0.003601081
745.8	1.878359837	0.00358605
746.5	1.878248226	0.003571097
747.3	1.878137077	0.003556222
748.1	1.878026386	0.003541425
748.9	1.877916151	0.003526704
749.7	1.87780637	0.00351206
750.4	1.87769704	0.003497492
751.2	1.877588159	0.003482999
752.0	1.877479725	0.003468582
752.8	1.877371734	0.003454238
753.6	1.877264185	0.003439969
754.3	1.877157075	0.003425774
755.1	1.877050401	0.003411651
755.9	1.876944163	0.003397602
756.7	1.876838356	0.003383624
757.5	1.876732979	0.003369718
758.2	1.87662803	0.003355884
759.0	1.876523506	0.003342121
759.8	1.876419405	0.003328428
760.6	1.876315725	0.003314805
761.3	1.876212464	0.003301252
762.1	1.876109618	0.003287768
762.9	1.876007187	0.003274353
763.7	1.875905167	0.003261006
764.5	1.875803558	0.003247727
765.2	1.875702356	0.003234515
766.0	1.875601559	0.003221371
766.8	1.875501165	0.003208293
767.6	1.875401173	0.003195282
768.4	1.875301579	0.003182337
769.1	1.875202383	0.003169457
769.9	1.875103581	0.003156642
770.7	1.875005172	0.003143892
771.5	1.874907154	0.003131206
772.3	1.874809525	0.003118584
773.0	1.874712282	0.003106026
773.8	1.874615423	0.00309353
774.6	1.874518948	0.003081098
775.4	1.874422853	0.003068728
776.2	1.874327136	0.00305642
776.9	1.874231797	0.003044173
777.7	1.874136832	0.003031988
778.5	1.87404224	0.003019864
779.3	1.873948018	0.0030078
780.1	1.873854166	0.002995797
780.8	1.873760681	0.002983853
781.6	1.87366756	0.002971969
782.4	1.873574803	0.002960144
783.2	1.873482408	0.002948377
784.0	1.873390372	0.00293667
784.7	1.873298694	0.00292502
785.5	1.873207371	0.002913427
786.3	1.873116403	0.002901893
787.1	1.873025787	0.002890415
787.8	1.872935521	0.002878994
788.6	1.872845604	0.002867629
789.4	1.872756034	0.00285632
790.2	1.872666809	0.002845067
791.0	1.872577927	0.00283387
791.7	1.872489387	0.002822727
792.5	1.872401187	0.002811639
793.3	1.872313325	0.002800606
794.1	1.872225799	0.002789626
794.9	1.872138608	0.0027787
795.6	1.87205175	0.002767828
796.4	1.871965224	0.002757009
797.2	1.871879027	0.002746243
798.0	1.871793159	0.002735529
798.8	1.871707616	0.002724867
799.5	1.871622399	0.002714258
800.3	1.871537504	0.002703699
801.1	1.871452932	0.002693193
801.9	1.871368679	0.002682737
802.7	1.871284744	0.002672332
803.4	1.871201126	0.002661977
804.2	1.871117823	0.002651672
805.0	1.871034834	0.002641417
805.8	1.870952157	0.002631212
806.6	1.870869791	0.002621056
807.3	1.870787733	0.002610949
808.1	1.870705982	0.00260089
808.9	1.870624538	0.00259088
809.7	1.870543398	0.002580918
810.5	1.870462561	0.002571004
811.2	1.870382025	0.002561137
812.0	1.870301789	0.002551318
812.8	1.870221851	0.002541546
813.6	1.870142211	0.00253182
814.3	1.870062866	0.002522141
815.1	1.869983815	0.002512508
815.9	1.869905056	0.002502921
816.7	1.869826589	0.00249338
817.5	1.869748411	0.002483884
818.2	1.869670522	0.002474434
819.0	1.86959292	0.002465028
819.8	1.869515603	0.002455667
820.6	1.86943857	0.00244635
821.4	1.86936182	0.002437078
822.1	1.869285352	0.002427849
822.9	1.869209163	0.002418664
823.7	1.869133254	0.002409522
824.5	1.869057621	0.002400424
825.3	1.868982265	0.002391368
826.0	1.868907183	0.002382355
826.8	1.868832374	0.002373385
827.6	1.868757838	0.002364457
828.4	1.868683572	0.00235557
829.2	1.868609575	0.002346726
829.9	1.868535847	0.002337922
830.7	1.868462385	0.00232916
831.5	1.868389189	0.00232044
832.3	1.868316258	0.002311759
833.1	1.868243589	0.00230312
833.8	1.868171182	0.00229452
834.6	1.868099035	0.002285961
835.4	1.868027148	0.002277442
836.2	1.867955519	0.002268962
837.0	1.867884146	0.002260522
837.7	1.86781303	0.002252121
838.5	1.867742167	0.002243759
839.3	1.867671558	0.002235436
840.1	1.8676012	0.002227151
840.8	1.867531094	0.002218905
841.6	1.867461237	0.002210697
842.4	1.867391628	0.002202526
843.2	1.867322267	0.002194394
844.0	1.867253152	0.002186299
844.7	1.867184282	0.002178241
845.5	1.867115655	0.00217022
846.3	1.867047271	0.002162236
847.1	1.866979129	0.002154289
847.9	1.866911227	0.002146378
848.6	1.866843564	0.002138504
849.4	1.86677614	0.002130666
850.2	1.866708952	0.002122863
851.0	1.866642	0.002115096
851.8	1.866575283	0.002107365
852.5	1.8665088	0.002099669
853.3	1.86644255	0.002092008
854.1	1.866376531	0.002084382
854.9	1.866310742	0.002076791
855.7	1.866245183	0.002069234
856.4	1.866179853	0.002061712
857.2	1.866114749	0.002054224
858.0	1.866049872	0.00204677
858.8	1.86598522	0.002039349
859.6	1.865920792	0.002031962
860.3	1.865856588	0.002024609
861.1	1.865792605	0.002017288
861.9	1.865728844	0.002010001
862.7	1.865665303	0.002002747
863.5	1.86560198	0.001995525
864.2	1.865538876	0.001988336
865.0	1.865475989	0.00198118
865.8	1.865413318	0.001974055
866.6	1.865350863	0.001966962
867.3	1.865288621	0.001959902
868.1	1.865226592	0.001952873
868.9	1.865164776	0.001945875
869.7	1.865103171	0.001938909
870.5	1.865041776	0.001931974
871.2	1.86498059	0.001925069
872.0	1.864919613	0.001918196
872.8	1.864858843	0.001911353
873.6	1.86479828	0.001904541
874.4	1.864737922	0.001897759
875.1	1.864677769	0.001891007
875.9	1.86461782	0.001884286
876.7	1.864558073	0.001877594
877.5	1.864498528	0.001870932
878.3	1.864439185	0.001864299
879.0	1.864380041	0.001857696
879.8	1.864321097	0.001851121
880.6	1.86426235	0.001844576
881.4	1.864203802	0.00183806
882.2	1.864145449	0.001831573
882.9	1.864087293	0.001825114
883.7	1.864029331	0.001818684
884.5	1.863971563	0.001812281
885.3	1.863913988	0.001805908
886.1	1.863856605	0.001799562
886.8	1.863799414	0.001793244
887.6	1.863742413	0.001786953
888.4	1.863685602	0.00178069
889.2	1.863628979	0.001774455
890.0	1.863572545	0.001768247
890.7	1.863516298	0.001762066
891.5	1.863460237	0.001755912
892.3	1.863404361	0.001749785
893.1	1.86334867	0.001743684
893.8	1.863293163	0.00173761
894.6	1.86323784	0.001731563
895.4	1.863182698	0.001725541
896.2	1.863127738	0.001719546
897.0	1.863072958	0.001713577
897.7	1.863018359	0.001707634
898.5	1.862963938	0.001701717
899.3	1.862909696	0.001695825
