300.5	1.491892998	0
301.3	1.491671784	0
302.1	1.491452379	0
302.9	1.491234762	0
303.6	1.491018914	0
304.4	1.490804815	0
305.2	1.490592447	0
306.0	1.49038179	0
306.8	1.490172826	0
307.5	1.489965537	0
308.3	1.489759904	0
309.1	1.48955591	0
309.9	1.489353537	0
310.7	1.489152768	0
311.4	1.488953586	0
312.2	1.488755973	0
313.0	1.488559913	0
313.8	1.48836539	0
314.6	1.488172388	0
315.3	1.48798089	0
316.1	1.487790881	0
316.9	1.487602344	0
317.7	1.487415266	0
318.5	1.48722963	0
319.2	1.487045421	0
320.0	1.486862626	0
320.8	1.486681229	0
321.6	1.486501215	0
322.4	1.486322571	0
323.1	1.486145283	0
323.9	1.485969337	0
324.7	1.485794718	0
325.5	1.485621415	0
326.2	1.485449412	0
327.0	1.485278698	0
327.8	1.485109259	0
328.6	1.484941082	0
329.4	1.484774155	0
330.1	1.484608465	0
330.9	1.484444001	0
331.7	1.484280748	0
332.5	1.484118697	0
333.3	1.483957834	0
334.0	1.483798149	0
334.8	1.483639629	0
335.6	1.483482263	0
336.4	1.48332604	0
337.2	1.483170948	0
337.9	1.483016977	0
338.7	1.482864116	0
339.5	1.482712354	0
340.3	1.48256168	0
341.1	1.482412084	0
341.8	1.482263556	0
342.6	1.482116084	0
343.4	1.48196966	0
344.2	1.481824273	0
345.0	1.481679914	0
345.7	1.481536572	0
346.5	1.481394237	0
347.3	1.481252901	0
348.1	1.481112554	0
348.9	1.480973187	0
349.6	1.48083479	0
350.4	1.480697355	0
351.2	1.480560872	0
352.0	1.480425332	0
352.8	1.480290728	0
353.5	1.480157049	0
354.3	1.480024288	0
355.1	1.479892436	0
355.9	1.479761485	0
356.7	1.479631427	0
357.4	1.479502252	0
358.2	1.479373954	0
359.0	1.479246524	0
359.8	1.479119955	0
360.6	1.478994238	0
361.3	1.478869366	0
362.1	1.478745331	0
362.9	1.478622126	0
363.7	1.478499743	0
364.5	1.478378175	0
365.2	1.478257415	0
366.0	1.478137455	0
366.8	1.478018288	0
367.6	1.477899907	0
368.4	1.477782306	0
369.1	1.477665477	0
369.9	1.477549414	0
370.7	1.477434109	0
371.5	1.477319557	0
372.3	1.47720575	0
373.0	1.477092683	0
373.8	1.476980348	0
374.6	1.476868739	0
375.4	1.47675785	0
376.2	1.476647675	0
376.9	1.476538208	0
377.7	1.476429442	0
378.5	1.476321371	0
379.3	1.47621399	0
380.1	1.476107292	0
380.8	1.476001272	0
381.6	1.475895925	0
382.4	1.475791243	0
383.2	1.475687222	0
384.0	1.475583856	0
384.7	1.475481139	0
385.5	1.475379067	0
386.3	1.475277632	0
387.1	1.475176832	0
387.9	1.475076659	0
388.6	1.474977108	0
389.4	1.474878176	0
390.2	1.474779855	0
391.0	1.474682142	0
391.8	1.474585031	0
392.5	1.474488517	0
393.3	1.474392596	0
394.1	1.474297262	0
394.9	1.47420251	0
395.7	1.474108337	0
396.4	1.474014736	0
397.2	1.473921704	0
398.0	1.473829236	0
398.8	1.473737327	0
399.6	1.473645973	0
400.3	1.473555169	0
401.1	1.473464911	0
401.9	1.473375194	0
402.7	1.473286014	0
403.5	1.473197367	0
404.2	1.473109248	0
405.0	1.473021654	0
405.8	1.472934579	0
406.6	1.47284802	0
407.4	1.472761974	0
408.1	1.472676435	0
408.9	1.472591399	0
409.7	1.472506864	0
410.5	1.472422824	0
411.3	1.472339276	0
412.0	1.472256216	0
412.8	1.472173641	0
413.6	1.472091545	0
414.4	1.472009927	0
415.2	1.471928781	0
415.9	1.471848105	0
416.7	1.471767895	0
417.5	1.471688147	0
418.3	1.471608857	0
419.1	1.471530022	0
419.8	1.471451638	0
420.6	1.471373703	0
421.4	1.471296212	0
422.2	1.471219163	0
423.0	1.471142551	0
423.7	1.471066374	0
424.5	1.470990628	0
425.3	1.470915309	0
426.1	1.470840416	0
426.9	1.470765944	0
427.6	1.47069189	0
428.4	1.470618251	0
429.2	1.470545025	0
430.0	1.470472207	0
430.8	1.470399796	0
431.5	1.470327787	0
432.3	1.470256178	0
433.1	1.470184965	0
433.9	1.470114147	0
434.7	1.47004372	0
435.4	1.469973681	0
436.2	1.469904027	0
437.0	1.469834755	0
437.8	1.469765864	0
438.6	1.469697348	0
439.3	1.469629207	0
440.1	1.469561438	0
440.9	1.469494037	0
441.7	1.469427002	0
442.5	1.46936033	0
443.2	1.469294018	0
444.0	1.469228065	0
444.8	1.469162467	0
445.6	1.469097222	0
446.4	1.469032328	0
447.1	1.468967781	0
447.9	1.468903579	0
448.7	1.468839721	0
449.5	1.468776202	0
450.3	1.468713022	0
451.0	1.468650177	0
451.8	1.468587665	0
452.6	1.468525484	0
453.4	1.468463632	0
454.1	1.468402106	0
454.9	1.468340903	0
455.7	1.468280022	0
456.5	1.468219461	0
457.3	1.468159216	0
458.0	1.468099286	0
458.8	1.468039669	0
459.6	1.467980362	0
460.4	1.467921364	0
461.2	1.467862671	0
461.9	1.467804283	0
462.7	1.467746196	0
463.5	1.46768841	0
464.3	1.467630921	0
465.1	1.467573727	0
465.8	1.467516828	0
466.6	1.46746022	0
467.4	1.467403901	0
468.2	1.46734787	0
469.0	1.467292125	0
469.7	1.467236664	0
470.5	1.467181484	0
471.3	1.467126585	0
472.1	1.467071963	0
472.9	1.467017617	0
473.6	1.466963546	0
474.4	1.466909747	0
475.2	1.466856218	0
476.0	1.466802958	0
476.8	1.466749965	0
477.5	1.466697237	0
478.3	1.466644773	0
479.1	1.46659257	0
479.9	1.466540627	0
480.7	1.466488942	0
481.4	1.466437513	0
482.2	1.46638634	0
483.0	1.466335419	0
483.8	1.466284749	0
484.6	1.466234329	0
485.3	1.466184157	0
486.1	1.466134232	0
486.9	1.466084551	0
487.7	1.466035114	0
488.5	1.465985918	0
489.2	1.465936962	0
490.0	1.465888244	0
490.8	1.465839763	0
491.6	1.465791518	0
492.4	1.465743506	0
493.1	1.465695727	0
493.9	1.465648179	0
494.7	1.46560086	0
495.5	1.465553768	0
496.3	1.465506903	0
497.0	1.465460263	0
497.8	1.465413846	0
498.6	1.465367652	0
499.4	1.465321678	0
500.2	1.465275923	0
500.9	1.465230385	0
501.7	1.465185065	0
502.5	1.465139959	0
503.3	1.465095067	0
504.1	1.465050387	0
504.8	1.465005919	0
505.6	1.464961659	0
506.4	1.464917609	0
507.2	1.464873765	0
508.0	1.464830127	0
508.7	1.464786693	0
509.5	1.464743462	0
510.3	1.464700433	0
511.1	1.464657605	0
511.9	1.464614977	0
512.6	1.464572546	0
513.4	1.464530312	0
514.2	1.464488274	0
515.0	1.46444643	0
515.8	1.464404779	0
516.5	1.464363321	0
517.3	1.464322053	0
518.1	1.464280975	0
518.9	1.464240086	0
519.7	1.464199384	0
520.4	1.464158868	0
521.2	1.464118537	0
522.0	1.46407839	0
522.8	1.464038426	0
523.6	1.463998644	0
524.3	1.463959042	0
525.1	1.46391962	0
525.9	1.463880376	0
526.7	1.46384131	0
527.5	1.46380242	0
528.2	1.463763705	0
529.0	1.463725164	0
529.8	1.463686796	0
530.6	1.4636486	0
531.4	1.463610576	0
532.1	1.463572721	0
532.9	1.463535035	0
533.7	1.463497518	0
534.5	1.463460167	0
535.3	1.463422982	0
536.0	1.463385962	0
536.8	1.463349107	0
537.6	1.463312414	0
538.4	1.463275883	0
539.2	1.463239514	0
539.9	1.463203305	0
540.7	1.463167255	0
541.5	1.463131363	0
542.3	1.463095628	0
543.1	1.46306005	0
543.8	1.463024628	0
544.6	1.46298936	0
545.4	1.462954246	0
546.2	1.462919285	0
547.0	1.462884476	0
547.7	1.462849817	0
548.5	1.462815309	0
549.3	1.46278095	0
550.1	1.46274674	0
550.9	1.462712677	0
551.6	1.462678761	0
552.4	1.462644991	0
553.2	1.462611366	0
554.0	1.462577885	0
554.8	1.462544548	0
555.5	1.462511353	0
556.3	1.462478299	0
557.1	1.462445387	0
557.9	1.462412615	0
558.7	1.462379982	0
559.4	1.462347488	0
560.2	1.462315132	0
561.0	1.462282912	0
561.8	1.462250829	0
562.6	1.462218881	0
563.3	1.462187068	0
564.1	1.462155389	0
564.9	1.462123843	0
565.7	1.462092429	0
566.5	1.462061147	0
567.2	1.462029996	0
568.0	1.461998975	0
568.8	1.461968084	0
569.6	1.461937321	0
570.4	1.461906687	0
571.1	1.461876179	0
571.9	1.461845799	0
572.7	1.461815544	0
573.5	1.461785415	0
574.3	1.46175541	0
575.0	1.461725528	0
575.8	1.46169577	0
576.6	1.461666135	0
577.4	1.461636621	0
578.2	1.461607229	0
578.9	1.461577956	0
579.7	1.461548804	0
580.5	1.461519771	0
581.3	1.461490856	0
582.0	1.461462059	0
582.8	1.46143338	0
583.6	1.461404817	0
584.4	1.46137637	0
585.2	1.461348038	0
585.9	1.461319821	0
586.7	1.461291718	0
587.5	1.461263728	0
588.3	1.461235852	0
589.1	1.461208087	0
589.8	1.461180434	0
590.6	1.461152892	0
591.4	1.461125461	0
592.2	1.461098139	0
593.0	1.461070927	0
593.7	1.461043824	0
594.5	1.461016828	0
595.3	1.46098994	0
596.1	1.460963159	0
596.9	1.460936484	0
597.6	1.460909915	0
598.4	1.460883452	0
599.2	1.460857093	0
600.0	1.460830838	0
600.8	1.460804687	0
601.5	1.460778638	0
602.3	1.460752693	0
603.1	1.460726849	0
603.9	1.460701107	0
604.7	1.460675465	0
605.4	1.460649924	0
606.2	1.460624483	0
607.0	1.460599141	0
607.8	1.460573898	0
608.6	1.460548753	0
609.3	1.460523706	0
610.1	1.460498756	0
610.9	1.460473903	0
611.7	1.460449147	0
612.5	1.460424486	0
613.2	1.46039992	0
614.0	1.460375449	0
614.8	1.460351072	0
615.6	1.460326789	0
616.4	1.4603026	0
617.1	1.460278503	0
617.9	1.460254499	0
618.7	1.460230587	0
619.5	1.460206766	0
620.3	1.460183035	0
621.0	1.460159396	0
621.8	1.460135846	0
622.6	1.460112386	0
623.4	1.460089016	0
624.2	1.460065733	0
624.9	1.460042539	0
625.7	1.460019433	0
626.5	1.459996414	0
627.3	1.459973482	0
628.1	1.459950637	0
628.8	1.459927877	0
629.6	1.459905204	0
630.4	1.459882615	0
631.2	1.459860111	0
632.0	1.459837691	0
632.7	1.459815355	0
633.5	1.459793103	0
634.3	1.459770933	0
635.1	1.459748846	0
635.9	1.459726842	0
636.6	1.459704919	0
637.4	1.459683078	0
638.2	1.459661317	0
639.0	1.459639638	0
639.8	1.459618038	0
640.5	1.459596518	0
641.3	1.459575078	0
642.1	1.459553717	0
642.9	1.459532434	0
643.7	1.459511229	0
644.4	1.459490103	0
645.2	1.459469054	0
646.0	1.459448082	0
646.8	1.459427186	0
647.6	1.459406367	0
648.3	1.459385624	0
649.1	1.459364957	0
649.9	1.459344365	0
650.7	1.459323847	0
651.5	1.459303405	0
652.2	1.459283036	0
653.0	1.459262741	0
653.8	1.45924252	0
654.6	1.459222371	0
655.4	1.459202295	0
656.1	1.459182292	0
656.9	1.459162361	0
657.7	1.459142501	0
658.5	1.459122713	0
659.3	1.459102996	0
660.0	1.459083349	0
660.8	1.459063773	0
661.6	1.459044266	0
662.4	1.459024829	0
663.2	1.459005462	0
663.9	1.458986163	0
664.7	1.458966934	0
665.5	1.458947772	0
666.3	1.458928679	0
667.1	1.458909653	0
667.8	1.458890694	0
668.6	1.458871803	0
669.4	1.458852978	0
670.2	1.45883422	0
671.0	1.458815528	0
671.7	1.458796901	0
672.5	1.45877834	0
673.3	1.458759844	0
674.1	1.458741413	0
674.9	1.458723047	0
675.6	1.458704745	0
676.4	1.458686507	0
677.2	1.458668332	0
678.0	1.458650221	0
678.8	1.458632173	0
679.5	1.458614188	0
680.3	1.458596265	0
681.1	1.458578404	0
681.9	1.458560605	0
682.7	1.458542868	0
683.4	1.458525192	0
684.2	1.458507578	0
685.0	1.458490024	0
685.8	1.45847253	0
686.6	1.458455097	0
687.3	1.458437723	0
688.1	1.45842041	0
688.9	1.458403155	0
689.7	1.45838596	0
690.5	1.458368824	0
691.2	1.458351746	0
692.0	1.458334726	0
692.8	1.458317765	0
693.6	1.458300861	0
694.4	1.458284015	0
695.1	1.458267226	0
695.9	1.458250494	0
696.7	1.458233819	0
697.5	1.4582172	0
698.3	1.458200637	0
699.0	1.458184131	0
699.8	1.45816768	0
700.6	1.458151285	0
701.4	1.458134944	0
702.2	1.458118659	0
702.9	1.458102429	0
703.7	1.458086253	0
704.5	1.458070131	0
705.3	1.458054063	0
706.1	1.458038049	0
706.8	1.458022088	0
707.6	1.458006181	0
708.4	1.457990327	0
709.2	1.457974525	0
709.9	1.457958776	0
710.7	1.45794308	0
711.5	1.457927435	0
712.3	1.457911842	0
713.1	1.457896301	0
713.8	1.457880812	0
714.6	1.457865373	0
715.4	1.457849986	0
716.2	1.457834649	0
717.0	1.457819363	0
717.7	1.457804127	0
718.5	1.457788941	0
719.3	1.457773805	0
720.1	1.457758718	0
720.9	1.457743681	0
721.6	1.457728693	0
722.4	1.457713754	0
723.2	1.457698864	0
724.0	1.457684022	0
724.8	1.457669229	0
725.5	1.457654484	0
726.3	1.457639787	0
727.1	1.457625137	0
727.9	1.457610535	0
728.7	1.45759598	0
729.4	1.457581473	0
730.2	1.457567012	0
731.0	1.457552598	0
731.8	1.45753823	0
732.6	1.457523909	0
733.3	1.457509634	0
734.1	1.457495405	0
734.9	1.457481221	0
735.7	1.457467083	0
736.5	1.45745299	0
737.2	1.457438942	0
738.0	1.457424939	0
738.8	1.457410981	0
739.6	1.457397068	0
740.4	1.457383199	0
741.1	1.457369374	0
741.9	1.457355592	0
742.7	1.457341855	0
743.5	1.457328161	0
744.3	1.457314511	0
745.0	1.457300904	0
745.8	1.45728734	0
746.6	1.457273819	0
747.4	1.45726034	0
748.2	1.457246904	0
748.9	1.457233511	0
749.7	1.457220159	0
750.5	1.457206849	0
751.3	1.457193582	0
752.1	1.457180355	0
752.8	1.457167171	0
753.6	1.457154027	0
754.4	1.457140925	0
755.2	1.457127863	0
756.0	1.457114843	0
756.7	1.457101863	0
757.5	1.457088923	0
758.3	1.457076023	0
759.1	1.457063164	0
759.9	1.457050345	0
760.6	1.457037565	0
761.4	1.457024825	0
762.2	1.457012124	0
763.0	1.456999463	0
763.8	1.45698684	0
764.5	1.456974257	0
765.3	1.456961712	0
766.1	1.456949206	0
766.9	1.456936739	0
767.7	1.456924309	0
768.4	1.456911918	0
769.2	1.456899565	0
770.0	1.45688725	0
770.8	1.456874972	0
771.6	1.456862732	0
772.3	1.456850529	0
773.1	1.456838363	0
773.9	1.456826235	0
774.7	1.456814143	0
775.5	1.456802089	0
776.2	1.45679007	0
777.0	1.456778089	0
777.8	1.456766143	0
778.6	1.456754234	0
779.4	1.456742361	0
780.1	1.456730523	0
780.9	1.456718722	0
781.7	1.456706956	0
782.5	1.456695225	0
783.3	1.45668353	0
784.0	1.45667187	0
784.8	1.456660245	0
785.6	1.456648655	0
786.4	1.456637099	0
787.2	1.456625578	0
787.9	1.456614092	0
788.7	1.45660264	0
789.5	1.456591222	0
790.3	1.456579838	0
791.1	1.456568488	0
791.8	1.456557172	0
792.6	1.45654589	0
793.4	1.456534641	0
794.2	1.456523425	0
795.0	1.456512243	0
795.7	1.456501093	0
796.5	1.456489977	0
797.3	1.456478894	0
798.1	1.456467843	0
798.9	1.456456825	0
799.6	1.45644584	0
800.4	1.456434886	0
801.2	1.456423965	0
802.0	1.456413076	0
802.8	1.456402219	0
803.5	1.456391394	0
804.3	1.456380601	0
805.1	1.456369839	0
805.9	1.456359109	0
806.7	1.45634841	0
807.4	1.456337742	0
808.2	1.456327105	0
809.0	1.4563165	0
809.8	1.456305925	0
810.6	1.456295381	0
811.3	1.456284867	0
812.1	1.456274384	0
812.9	1.456263932	0
813.7	1.456253509	0
814.5	1.456243117	0
815.2	1.456232755	0
816.0	1.456222423	0
816.8	1.45621212	0
817.6	1.456201847	0
818.4	1.456191604	0
819.1	1.456181391	0
819.9	1.456171206	0
820.7	1.456161051	0
821.5	1.456150925	0
822.3	1.456140828	0
823.0	1.45613076	0
823.8	1.456120721	0
824.6	1.45611071	0
825.4	1.456100728	0
826.2	1.456090774	0
826.9	1.456080849	0
827.7	1.456070952	0
828.5	1.456061083	0
829.3	1.456051242	0
830.1	1.456041429	0
830.8	1.456031644	0
831.6	1.456021887	0
832.4	1.456012157	0
833.2	1.456002455	0
834.0	1.45599278	0
834.7	1.455983132	0
835.5	1.455973512	0
836.3	1.455963918	0
837.1	1.455954352	0
837.8	1.455944813	0
838.6	1.4559353	0
839.4	1.455925814	0
840.2	1.455916355	0
841.0	1.455906922	0
841.7	1.455897515	0
842.5	1.455888135	0
843.3	1.455878781	0
844.1	1.455869453	0
844.9	1.455860151	0
845.6	1.455850875	0
846.4	1.455841625	0
847.2	1.4558324	0
848.0	1.455823202	0
848.8	1.455814028	0
849.5	1.45580488	0
850.3	1.455795758	0
851.1	1.45578666	0
851.9	1.455777588	0
852.7	1.455768541	0
853.4	1.455759519	0
854.2	1.455750521	0
855.0	1.455741549	0
855.8	1.455732601	0
856.6	1.455723677	0
857.3	1.455714779	0
858.1	1.455705904	0
858.9	1.455697054	0
859.7	1.455688228	0
860.5	1.455679427	0
861.2	1.455670649	0
862.0	1.455661895	0
862.8	1.455653166	0
863.6	1.45564446	0
864.4	1.455635777	0
865.1	1.455627119	0
865.9	1.455618484	0
866.7	1.455609872	0
867.5	1.455601284	0
868.3	1.455592719	0
869.0	1.455584177	0
869.8	1.455575658	0
870.6	1.455567163	0
871.4	1.45555869	0
872.2	1.45555024	0
872.9	1.455541813	0
873.7	1.455533409	0
874.5	1.455525027	0
875.3	1.455516668	0
876.1	1.455508331	0
876.8	1.455500017	0
877.6	1.455491725	0
878.4	1.455483455	0
879.2	1.455475207	0
880.0	1.455466981	0
880.7	1.455458778	0
881.5	1.455450596	0
882.3	1.455442436	0
883.1	1.455434298	0
883.9	1.455426181	0
884.6	1.455418086	0
885.4	1.455410013	0
886.2	1.455401961	0
887.0	1.45539393	0
887.8	1.455385921	0
888.5	1.455377933	0
889.3	1.455369966	0
890.1	1.45536202	0
890.9	1.455354095	0
891.7	1.455346191	0
892.4	1.455338308	0
893.2	1.455330445	0
894.0	1.455322604	0
894.8	1.455314783	0
895.6	1.455306982	0
896.3	1.455299202	0
897.1	1.455291442	0
897.9	1.455283703	0
898.7	1.455275984	0
899.5	1.455268285	0
