189.8	1.547061	0.032057
190.6	1.536400	0.034875
191.3	1.535603	0.036112
192.1	1.537034	0.036999
192.9	1.539382	0.037746
193.7	1.542228	0.038419
194.5	1.545394	0.039047
195.2	1.548787	0.039643
196.0	1.552359	0.040216
196.8	1.556077	0.040770
197.6	1.559917	0.041310
198.4	1.563855	0.041840
199.2	1.567868	0.042364
199.9	1.571935	0.042887
200.7	1.576037	0.043410
201.5	1.580162	0.043937
202.3	1.584298	0.044469
203.1	1.588440	0.045009
203.8	1.592583	0.045556
204.6	1.596723	0.046112
205.4	1.600859	0.046676
206.2	1.604990	0.047249
207.0	1.609113	0.047831
207.8	1.613229	0.048423
208.5	1.617335	0.049023
209.3	1.621431	0.049632
210.1	1.625516	0.050249
210.9	1.629588	0.050873
211.7	1.633646	0.051505
212.5	1.637688	0.052142
213.2	1.641714	0.052785
214.0	1.645723	0.053432
214.8	1.649713	0.054081
215.6	1.653685	0.054732
216.4	1.657638	0.055383
217.1	1.661575	0.056035
217.9	1.665495	0.056686
218.7	1.669402	0.057337
219.5	1.673297	0.057991
220.3	1.677181	0.058649
221.1	1.681056	0.059315
221.8	1.684917	0.059994
222.6	1.688759	0.060692
223.4	1.692567	0.061412
224.2	1.696319	0.062159
225.0	1.699985	0.062931
225.7	1.703521	0.063724
226.5	1.706876	0.064525
227.3	1.709988	0.065315
228.1	1.712792	0.066064
228.9	1.715220	0.066736
229.7	1.717209	0.067286
230.4	1.718705	0.067666
231.2	1.719668	0.067827
232.0	1.720075	0.067724
232.8	1.719923	0.067319
233.6	1.719230	0.066589
234.3	1.718029	0.065524
235.1	1.716370	0.064132
235.9	1.714311	0.062437
236.7	1.711917	0.060478
237.5	1.709254	0.058307
238.3	1.706389	0.055983
239.0	1.703382	0.053570
239.8	1.700290	0.051129
244.5	1.697165	0.048719
245.3	1.694051	0.046390
246.1	1.690988	0.044184
246.9	1.688010	0.042129
247.6	1.685142	0.040248
248.4	1.682407	0.038550
249.2	1.679816	0.037039
250.0	1.677375	0.035708
250.8	1.675083	0.034550
251.5	1.672933	0.033551
252.3	1.670912	0.032695
253.1	1.669003	0.031965
253.9	1.667188	0.031343
254.7	1.665448	0.030813
255.5	1.663765	0.030358
256.2	1.662122	0.029961
257.0	1.660508	0.029608
257.8	1.658914	0.029286
258.6	1.657336	0.028982
259.4	1.655773	0.028687
260.1	1.654228	0.028393
260.9	1.652709	0.028094
261.7	1.651222	0.027788
262.5	1.649776	0.027473
263.3	1.648382	0.027152
264.1	1.647047	0.026826
264.8	1.645776	0.026500
265.6	1.644574	0.026179
266.4	1.643442	0.025869
267.2	1.642378	0.025573
268.0	1.641378	0.025296
268.8	1.640435	0.025041
269.5	1.639541	0.024808
270.3	1.638689	0.024598
271.1	1.637871	0.024408
271.9	1.637079	0.024236
272.7	1.636307	0.024077
273.4	1.635549	0.023925
274.2	1.634800	0.023775
275.0	1.634060	0.023621
275.8	1.633324	0.023456
276.6	1.632592	0.023276
277.4	1.631864	0.023074
278.1	1.631139	0.022847
278.9	1.630418	0.022590
279.7	1.629701	0.022300
280.5	1.628989	0.021974
281.3	1.628285	0.021610
282.0	1.627589	0.021207
282.8	1.626904	0.020763
283.6	1.626230	0.020280
284.4	1.625568	0.019759
285.2	1.624920	0.019203
286.0	1.624284	0.018615
286.7	1.623659	0.018003
287.5	1.623041	0.017374
288.3	1.622426	0.016735
289.1	1.621810	0.016097
289.9	1.621187	0.015469
290.6	1.620553	0.014859
291.4	1.619903	0.014275
292.2	1.619234	0.013722
293.0	1.618544	0.013204
293.8	1.617832	0.012722
294.6	1.617098	0.012272
295.3	1.616345	0.011852
296.1	1.615576	0.011456
296.9	1.614794	0.011078
297.7	1.614003	0.010709
298.5	1.613209	0.010346
299.2	1.612414	0.009981
300.0	1.611623	0.009613
300.8	1.610839	0.009238
301.6	1.610065	0.008858
302.4	1.609303	0.008475
303.2	1.608554	0.008091
303.9	1.607819	0.007711
304.7	1.607099	0.007342
305.5	1.606393	0.006988
306.3	1.605700	0.006655
307.1	1.605019	0.006347
307.8	1.604349	0.006069
308.6	1.603687	0.005822
309.4	1.603034	0.005608
310.2	1.602387	0.005424
311.0	1.601746	0.005270
311.8	1.601110	0.005140
312.5	1.600480	0.005031
313.3	1.599857	0.004938
314.1	1.599240	0.004854
314.9	1.598632	0.004776
315.7	1.598034	0.004699
316.4	1.597445	0.004623
317.2	1.596867	0.004544
318.0	1.596299	0.004464
318.8	1.595742	0.004384
319.6	1.595194	0.004306
320.4	1.594654	0.004232
321.1	1.594121	0.004165
321.9	1.593594	0.004106
322.7	1.593070	0.004055
323.5	1.592547	0.004011
324.3	1.592026	0.003972
325.1	1.591505	0.003935
325.8	1.590983	0.003894
326.6	1.590460	0.003846
327.4	1.589937	0.003784
328.2	1.589414	0.003706
329.0	1.588891	0.003607
329.7	1.588371	0.003487
330.5	1.587853	0.003343
331.3	1.587339	0.003179
332.1	1.586830	0.002995
332.9	1.586325	0.002797
333.7	1.585826	0.002589
334.4	1.585333	0.002376
335.2	1.584846	0.002165
336.0	1.584365	0.001959
336.8	1.583889	0.001765
337.6	1.583418	0.001586
338.3	1.582953	0.001427
339.1	1.582493	0.001290
339.9	1.582037	0.001179
340.7	1.581586	0.001093
341.5	1.581139	0.001034
342.3	1.580695	0.001001
343.0	1.580256	0.000993
343.8	1.579820	0.001008
344.6	1.579388	0.001043
345.4	1.578960	0.001094
346.2	1.578536	0.001158
346.9	1.578116	0.001229
347.7	1.577702	0.001303
348.5	1.577294	0.001376
349.3	1.576893	0.001444
350.1	1.576500	0.001504
350.9	1.576118	0.001553
351.6	1.575745	0.001589
352.4	1.575383	0.001612
353.2	1.575032	0.001621
354.0	1.574692	0.001617
354.8	1.574363	0.001602
355.5	1.574044	0.001578
356.3	1.573734	0.001546
357.1	1.573432	0.001509
357.9	1.573136	0.001471
358.7	1.572847	0.001432
359.5	1.572562	0.001397
360.2	1.572281	0.001368
361.0	1.572002	0.001346
361.8	1.571725	0.001334
362.6	1.571447	0.001332
363.4	1.571169	0.001340
364.1	1.570889	0.001359
364.9	1.570607	0.001385
365.7	1.570322	0.001416
366.5	1.570033	0.001448
367.3	1.569741	0.001478
368.1	1.569445	0.001500
368.8	1.569146	0.001510
369.6	1.568844	0.001506
370.4	1.568540	0.001483
371.2	1.568235	0.001442
372.0	1.567931	0.001382
372.7	1.567627	0.001305
373.5	1.567325	0.001212
374.3	1.567026	0.001108
375.1	1.566729	0.000996
375.9	1.566436	0.000880
376.7	1.566147	0.000764
377.4	1.565860	0.000652
378.2	1.565576	0.000547
379.0	1.565294	0.000450
379.8	1.565013	0.000364
380.6	1.564734	0.000289
381.4	1.564455	0.000225
382.1	1.564177	0.000172
382.9	1.563899	0.000130
383.7	1.563622	0.000098
384.5	1.563344	0.000076
385.3	1.563068	0.000061
386.0	1.562793	0.000054
386.8	1.562520	0.000055
387.6	1.562249	0.000062
388.4	1.561980	0.000077
389.2	1.561715	0.000098
390.0	1.561453	0.000126
390.7	1.561194	0.000161
391.5	1.560938	0.000201
392.3	1.560685	0.000248
393.1	1.560435	0.000299
393.9	1.560187	0.000353
394.6	1.559942	0.000409
395.4	1.559700	0.000466
396.2	1.559460	0.000521
397.0	1.559223	0.000574
397.8	1.558990	0.000622
398.6	1.558761	0.000664
399.3	1.558535	0.000700
400.1	1.558315	0.000728
400.9	1.558099	0.000749
401.7	1.557889	0.000762
402.5	1.557683	0.000769
403.2	1.557483	0.000769
404.0	1.557287	0.000763
404.8	1.557096	0.000752
405.6	1.556909	0.000737
406.4	1.556726	0.000719
407.2	1.556546	0.000698
407.9	1.556369	0.000677
408.7	1.556195	0.000654
409.5	1.556023	0.000631
410.3	1.555853	0.000608
411.1	1.555685	0.000585
411.8	1.555518	0.000565
412.6	1.555353	0.000546
413.4	1.555190	0.000529
414.2	1.555027	0.000516
415.0	1.554866	0.000507
415.8	1.554705	0.000504
416.5	1.554544	0.000507
417.3	1.554383	0.000519
418.1	1.554220	0.000539
418.9	1.554054	0.000570
419.7	1.553884	0.000610
420.4	1.553708	0.000662
421.2	1.553526	0.000724
422.0	1.553337	0.000794
422.8	1.553142	0.000872
423.6	1.552939	0.000954
424.4	1.552732	0.001038
425.1	1.552522	0.001119
425.9	1.552312	0.001194
426.7	1.552104	0.001260
427.5	1.551901	0.001313
428.3	1.551706	0.001352
429.0	1.551520	0.001374
429.8	1.551345	0.001378
430.6	1.551179	0.001365
431.4	1.551023	0.001336
432.2	1.550875	0.001291
433.0	1.550732	0.001233
433.7	1.550592	0.001164
434.5	1.550453	0.001085
435.3	1.550314	0.001000
436.1	1.550172	0.000910
436.9	1.550027	0.000817
437.7	1.549880	0.000724
438.4	1.549729	0.000633
439.2	1.549575	0.000544
440.0	1.549418	0.000460
440.8	1.549258	0.000382
441.6	1.549096	0.000312
442.3	1.548932	0.000249
443.1	1.548765	0.000195
443.9	1.548596	0.000149
444.7	1.548425	0.000111
445.5	1.548252	0.000081
446.3	1.548079	0.000057
447.0	1.547904	0.000040
447.8	1.547729	0.000027
448.6	1.547554	0.000018
449.4	1.547378	0.000013
450.2	1.547202	0.000010
450.9	1.547026	0.000009
451.7	1.546849	0.000011
452.5	1.546671	0.000016
453.3	1.546493	0.000023
454.1	1.546316	0.000034
454.9	1.546141	0.000050
455.6	1.545968	0.000070
456.4	1.545800	0.000096
457.2	1.545637	0.000129
458.0	1.545481	0.000168
458.8	1.545333	0.000214
459.5	1.545194	0.000265
460.3	1.545064	0.000322
461.1	1.544944	0.000382
461.9	1.544832	0.000444
462.7	1.544729	0.000505
463.5	1.544633	0.000564
464.2	1.544543	0.000618
465.0	1.544457	0.000667
465.8	1.544376	0.000709
466.6	1.544296	0.000743
467.4	1.544217	0.000770
468.1	1.544136	0.000789
468.9	1.544054	0.000803
469.7	1.543968	0.000811
470.5	1.543878	0.000815
471.3	1.543783	0.000815
472.1	1.543684	0.000813
472.8	1.543581	0.000809
473.6	1.543475	0.000804
474.4	1.543366	0.000796
475.2	1.543256	0.000787
476.0	1.543147	0.000775
476.7	1.543039	0.000762
477.5	1.542934	0.000746
478.3	1.542833	0.000729
479.1	1.542736	0.000709
479.9	1.542644	0.000688
480.7	1.542556	0.000666
481.4	1.542471	0.000642
482.2	1.542390	0.000619
483.0	1.542311	0.000595
483.8	1.542233	0.000571
484.6	1.542155	0.000547
485.3	1.542078	0.000524
486.1	1.542001	0.000501
486.9	1.541925	0.000478
487.7	1.541848	0.000456
488.5	1.541773	0.000435
489.3	1.541698	0.000413
490.0	1.541625	0.000392
490.8	1.541553	0.000372
491.6	1.541482	0.000352
492.4	1.541410	0.000333
493.2	1.541338	0.000315
494.0	1.541265	0.000298
494.7	1.541190	0.000283
495.5	1.541112	0.000269
496.3	1.541032	0.000258
497.1	1.540950	0.000250
497.9	1.540866	0.000244
498.6	1.540781	0.000243
499.4	1.540695	0.000245
500.2	1.540609	0.000251
501.0	1.540525	0.000263
501.8	1.540442	0.000279
502.6	1.540361	0.000301
503.3	1.540282	0.000328
504.1	1.540205	0.000360
504.9	1.540129	0.000398
505.7	1.540055	0.000441
506.5	1.539982	0.000488
507.2	1.539908	0.000538
508.0	1.539834	0.000592
508.8	1.539758	0.000648
509.6	1.539680	0.000704
510.4	1.539600	0.000760
511.2	1.539517	0.000814
511.9	1.539432	0.000865
512.7	1.539343	0.000914
513.5	1.539252	0.000957
514.3	1.539158	0.000997
515.1	1.539061	0.001030
515.8	1.538962	0.001057
516.6	1.538859	0.001073
517.4	1.538753	0.001076
518.2	1.538647	0.001059
519.0	1.538549	0.001011
519.8	1.538481	0.000939
520.5	1.538023	0.000000
521.3	1.537944	0.000000
522.1	1.537866	0.000000
522.9	1.537788	0.000000
523.7	1.537711	0.000000
524.4	1.537634	0.000000
525.2	1.537557	0.000000
526.0	1.537480	0.000000
526.8	1.537404	0.000000
527.6	1.537328	0.000000
528.4	1.537253	0.000000
529.1	1.537178	0.000000
529.9	1.537103	0.000000
530.7	1.537028	0.000000
531.5	1.536954	0.000000
532.3	1.536880	0.000000
533.0	1.536807	0.000000
533.8	1.536734	0.000000
534.6	1.536661	0.000000
535.4	1.536588	0.000000
536.2	1.536516	0.000000
537.0	1.536444	0.000000
537.7	1.536372	0.000000
538.5	1.536301	0.000000
539.3	1.536230	0.000000
540.1	1.536159	0.000000
540.9	1.536089	0.000000
541.6	1.536019	0.000000
542.4	1.535949	0.000000
543.2	1.535880	0.000000
544.0	1.535811	0.000000
544.8	1.535742	0.000000
545.6	1.535673	0.000000
546.3	1.535605	0.000000
547.1	1.535537	0.000000
547.9	1.535469	0.000000
548.7	1.535402	0.000000
549.5	1.535335	0.000000
550.3	1.535268	0.000000
551.0	1.535201	0.000000
551.8	1.535135	0.000000
552.6	1.535069	0.000000
553.4	1.535003	0.000000
554.2	1.534938	0.000000
554.9	1.534873	0.000000
555.7	1.534808	0.000000
556.5	1.534743	0.000000
557.3	1.534679	0.000000
558.1	1.534615	0.000000
558.9	1.534551	0.000000
559.6	1.534488	0.000000
560.4	1.534424	0.000000
561.2	1.534361	0.000000
562.0	1.534299	0.000000
562.8	1.534236	0.000000
563.5	1.534174	0.000000
564.3	1.534112	0.000000
565.1	1.534050	0.000000
565.9	1.533989	0.000000
566.7	1.533928	0.000000
567.5	1.533867	0.000000
568.2	1.533806	0.000000
569.0	1.533746	0.000000
569.8	1.533685	0.000000
570.6	1.533625	0.000000
571.4	1.533566	0.000000
572.1	1.533506	0.000000
572.9	1.533447	0.000000
573.7	1.533388	0.000000
574.5	1.533329	0.000000
575.3	1.533271	0.000000
576.1	1.533213	0.000000
576.8	1.533155	0.000000
577.6	1.533097	0.000000
578.4	1.533039	0.000000
579.2	1.532982	0.000000
580.0	1.532925	0.000000
580.7	1.532868	0.000000
581.5	1.532812	0.000000
582.3	1.532755	0.000000
583.1	1.532699	0.000000
583.9	1.532643	0.000000
584.7	1.532587	0.000000
585.4	1.532532	0.000000
586.2	1.532477	0.000000
587.0	1.532422	0.000000
587.8	1.532367	0.000000
588.6	1.532312	0.000000
589.3	1.532258	0.000000
590.1	1.532204	0.000000
590.9	1.532150	0.000000
591.7	1.532096	0.000000
592.5	1.532042	0.000000
593.3	1.531989	0.000000
594.0	1.531936	0.000000
594.8	1.531883	0.000000
595.6	1.531830	0.000000
596.4	1.531778	0.000000
597.2	1.531726	0.000000
597.9	1.531674	0.000000
598.7	1.531622	0.000000
599.5	1.531570	0.000000
600.3	1.531519	0.000000
601.1	1.531467	0.000000
601.9	1.531416	0.000000
602.6	1.531365	0.000000
603.4	1.531315	0.000000
604.2	1.531264	0.000000
605.0	1.531214	0.000000
605.8	1.531164	0.000000
606.6	1.531114	0.000000
607.3	1.531064	0.000000
608.1	1.531015	0.000000
608.9	1.530965	0.000000
609.7	1.530916	0.000000
610.5	1.530867	0.000000
611.2	1.530819	0.000000
612.0	1.530770	0.000000
612.8	1.530722	0.000000
613.6	1.530674	0.000000
614.4	1.530626	0.000000
615.2	1.530578	0.000000
615.9	1.530530	0.000000
616.7	1.530483	0.000000
617.5	1.530435	0.000000
618.3	1.530388	0.000000
619.1	1.530341	0.000000
619.8	1.530295	0.000000
620.6	1.530248	0.000000
621.4	1.530202	0.000000
622.2	1.530155	0.000000
623.0	1.530109	0.000000
623.8	1.530063	0.000000
624.5	1.530018	0.000000
625.3	1.529972	0.000000
626.1	1.529927	0.000000
626.9	1.529882	0.000000
627.7	1.529837	0.000000
628.4	1.529792	0.000000
629.2	1.529747	0.000000
630.0	1.529703	0.000000
630.8	1.529658	0.000000
631.6	1.529614	0.000000
632.4	1.529570	0.000000
633.1	1.529526	0.000000
633.9	1.529483	0.000000
634.7	1.529439	0.000000
635.5	1.529396	0.000000
636.3	1.529352	0.000000
637.0	1.529309	0.000000
637.8	1.529266	0.000000
638.6	1.529224	0.000000
639.4	1.529181	0.000000
640.2	1.529139	0.000000
641.0	1.529096	0.000000
641.7	1.529054	0.000000
642.5	1.529012	0.000000
643.3	1.528971	0.000000
644.1	1.528929	0.000000
644.9	1.528887	0.000000
645.6	1.528846	0.000000
646.4	1.528805	0.000000
647.2	1.528764	0.000000
648.0	1.528723	0.000000
648.8	1.528682	0.000000
649.6	1.528642	0.000000
650.3	1.528601	0.000000
651.1	1.528561	0.000000
651.9	1.528521	0.000000
652.7	1.528481	0.000000
653.5	1.528441	0.000000
654.2	1.528401	0.000000
655.0	1.528361	0.000000
655.8	1.528322	0.000000
656.6	1.528282	0.000000
657.4	1.528243	0.000000
658.2	1.528204	0.000000
658.9	1.528165	0.000000
659.7	1.528127	0.000000
660.5	1.528088	0.000000
661.3	1.528049	0.000000
662.1	1.528011	0.000000
662.9	1.527973	0.000000
663.6	1.527935	0.000000
664.4	1.527897	0.000000
665.2	1.527859	0.000000
666.0	1.527821	0.000000
666.8	1.527784	0.000000
667.5	1.527746	0.000000
668.3	1.527709	0.000000
669.1	1.527672	0.000000
669.9	1.527635	0.000000
670.7	1.527598	0.000000
671.5	1.527561	0.000000
672.2	1.527525	0.000000
673.0	1.527488	0.000000
673.8	1.527452	0.000000
674.6	1.527416	0.000000
675.4	1.527379	0.000000
676.1	1.527343	0.000000
676.9	1.527307	0.000000
677.7	1.527272	0.000000
678.5	1.527236	0.000000
679.3	1.527201	0.000000
680.1	1.527165	0.000000
680.8	1.527130	0.000000
681.6	1.527095	0.000000
682.4	1.527060	0.000000
683.2	1.527025	0.000000
684.0	1.526990	0.000000
684.7	1.526955	0.000000
685.5	1.526921	0.000000
686.3	1.526886	0.000000
687.1	1.526852	0.000000
687.9	1.526818	0.000000
688.7	1.526784	0.000000
689.4	1.526750	0.000000
690.2	1.526716	0.000000
691.0	1.526682	0.000000
691.8	1.526649	0.000000
692.6	1.526615	0.000000
693.3	1.526582	0.000000
694.1	1.526549	0.000000
694.9	1.526515	0.000000
695.7	1.526482	0.000000
696.5	1.526449	0.000000
697.3	1.526417	0.000000
698.0	1.526384	0.000000
698.8	1.526351	0.000000
699.6	1.526319	0.000000
700.4	1.526286	0.000000
701.2	1.526254	0.000000
701.9	1.526222	0.000000
702.7	1.526190	0.000000
703.5	1.526158	0.000000
704.3	1.526126	0.000000
705.1	1.526094	0.000000
705.9	1.526063	0.000000
706.6	1.526031	0.000000
707.4	1.526000	0.000000
708.2	1.525968	0.000000
709.0	1.525937	0.000000
709.8	1.525906	0.000000
710.5	1.525875	0.000000
711.3	1.525844	0.000000
712.1	1.525813	0.000000
712.9	1.525782	0.000000
713.7	1.525752	0.000000
714.5	1.525721	0.000000
715.2	1.525691	0.000000
716.0	1.525661	0.000000
716.8	1.525630	0.000000
717.6	1.525600	0.000000
718.4	1.525570	0.000000
719.2	1.525540	0.000000
719.9	1.525510	0.000000
720.7	1.525481	0.000000
721.5	1.525451	0.000000
722.3	1.525422	0.000000
723.1	1.525392	0.000000
723.8	1.525363	0.000000
724.6	1.525334	0.000000
725.4	1.525304	0.000000
726.2	1.525275	0.000000
727.0	1.525246	0.000000
727.8	1.525217	0.000000
728.5	1.525189	0.000000
729.3	1.525160	0.000000
730.1	1.525131	0.000000
730.9	1.525103	0.000000
731.7	1.525074	0.000000
732.4	1.525046	0.000000
733.2	1.525018	0.000000
734.0	1.524990	0.000000
734.8	1.524962	0.000000
735.6	1.524934	0.000000
736.4	1.524906	0.000000
737.1	1.524878	0.000000
737.9	1.524850	0.000000
738.7	1.524823	0.000000
739.5	1.524795	0.000000
740.3	1.524768	0.000000
741.0	1.524741	0.000000
741.8	1.524713	0.000000
742.6	1.524686	0.000000
743.4	1.524659	0.000000
744.2	1.524632	0.000000
745.0	1.524605	0.000000
745.7	1.524578	0.000000
746.5	1.524552	0.000000
747.3	1.524525	0.000000
748.1	1.524498	0.000000
748.9	1.524472	0.000000
749.6	1.524445	0.000000
750.4	1.524419	0.000000
751.2	1.524393	0.000000
752.0	1.524367	0.000000
752.8	1.524341	0.000000
753.6	1.524314	0.000000
754.3	1.524289	0.000000
755.1	1.524263	0.000000
755.9	1.524237	0.000000
756.7	1.524211	0.000000
757.5	1.524186	0.000000
758.2	1.524160	0.000000
759.0	1.524135	0.000000
759.8	1.524109	0.000000
760.6	1.524084	0.000000
761.4	1.524059	0.000000
762.2	1.524034	0.000000
762.9	1.524009	0.000000
763.7	1.523984	0.000000
764.5	1.523959	0.000000
765.3	1.523934	0.000000
766.1	1.523909	0.000000
766.8	1.523885	0.000000
767.6	1.523860	0.000000
768.4	1.523835	0.000000
769.2	1.523811	0.000000
770.0	1.523787	0.000000
770.8	1.523762	0.000000
771.5	1.523738	0.000000
772.3	1.523714	0.000000
773.1	1.523690	0.000000
773.9	1.523666	0.000000
774.7	1.523642	0.000000
775.5	1.523618	0.000000
776.2	1.523594	0.000000
777.0	1.523570	0.000000
777.8	1.523547	0.000000
778.6	1.523523	0.000000
779.4	1.523500	0.000000
780.1	1.523476	0.000000
780.9	1.523453	0.000000
781.7	1.523430	0.000000
782.5	1.523406	0.000000
783.3	1.523383	0.000000
784.1	1.523360	0.000000
784.8	1.523337	0.000000
785.6	1.523314	0.000000
786.4	1.523291	0.000000
787.2	1.523269	0.000000
788.0	1.523246	0.000000
788.7	1.523223	0.000000
789.5	1.523200	0.000000
790.3	1.523178	0.000000
791.1	1.523155	0.000000
791.9	1.523133	0.000000
792.7	1.523111	0.000000
793.4	1.523088	0.000000
794.2	1.523066	0.000000
795.0	1.523044	0.000000
795.8	1.523022	0.000000
796.6	1.523000	0.000000
797.3	1.522978	0.000000
798.1	1.522956	0.000000
798.9	1.522934	0.000000
799.7	1.522913	0.000000
800.5	1.522891	0.000000
801.3	1.522869	0.000000
802.0	1.522848	0.000000
802.8	1.522826	0.000000
803.6	1.522805	0.000000
804.4	1.522783	0.000000
805.2	1.522762	0.000000
805.9	1.522741	0.000000
806.7	1.522720	0.000000
807.5	1.522698	0.000000
808.3	1.522677	0.000000
809.1	1.522656	0.000000
809.9	1.522635	0.000000
810.6	1.522615	0.000000
811.4	1.522594	0.000000
812.2	1.522573	0.000000
813.0	1.522552	0.000000
813.8	1.522532	0.000000
814.5	1.522511	0.000000
815.3	1.522490	0.000000
816.1	1.522470	0.000000
816.9	1.522450	0.000000
817.7	1.522429	0.000000
818.5	1.522409	0.000000
819.2	1.522389	0.000000
820.0	1.522369	0.000000
820.8	1.522348	0.000000
821.6	1.522328	0.000000
822.4	1.522308	0.000000
823.1	1.522288	0.000000
823.9	1.522269	0.000000
824.7	1.522249	0.000000
825.5	1.522229	0.000000
826.3	1.522209	0.000000
827.1	1.522189	0.000000
827.8	1.522170	0.000000
828.6	1.522150	0.000000
829.4	1.522131	0.000000
830.2	1.522111	0.000000
831.0	1.522092	0.000000
831.8	1.522073	0.000000
832.5	1.522053	0.000000
833.3	1.522034	0.000000
834.1	1.522015	0.000000
834.9	1.521996	0.000000
835.7	1.521977	0.000000
836.4	1.521958	0.000000
837.2	1.521939	0.000000
838.0	1.521920	0.000000
838.8	1.521901	0.000000
839.6	1.521882	0.000000
840.4	1.521864	0.000000
841.1	1.521845	0.000000
841.9	1.521826	0.000000
842.7	1.521808	0.000000
843.5	1.521789	0.000000
844.3	1.521771	0.000000
845.0	1.521752	0.000000
845.8	1.521734	0.000000
846.6	1.521715	0.000000
847.4	1.521697	0.000000
848.2	1.521679	0.000000
849.0	1.521661	0.000000
849.7	1.521643	0.000000
850.5	1.521624	0.000000
851.3	1.521606	0.000000
852.1	1.521588	0.000000
852.9	1.521571	0.000000
853.6	1.521553	0.000000
854.4	1.521535	0.000000
855.2	1.521517	0.000000
856.0	1.521499	0.000000
856.8	1.521482	0.000000
857.6	1.521464	0.000000
858.3	1.521446	0.000000
859.1	1.521429	0.000000
859.9	1.521411	0.000000
860.7	1.521394	0.000000
861.5	1.521376	0.000000
862.2	1.521359	0.000000
863.0	1.521342	0.000000
863.8	1.521325	0.000000
864.6	1.521307	0.000000
865.4	1.521290	0.000000
866.2	1.521273	0.000000
866.9	1.521256	0.000000
867.7	1.521239	0.000000
868.5	1.521222	0.000000
869.3	1.521205	0.000000
870.1	1.521188	0.000000
870.8	1.521171	0.000000
871.6	1.521154	0.000000
872.4	1.521138	0.000000
873.2	1.521121	0.000000
874.0	1.521104	0.000000
874.8	1.521088	0.000000
875.5	1.521071	0.000000
876.3	1.521055	0.000000
877.1	1.521038	0.000000
877.9	1.521022	0.000000
878.7	1.521005	0.000000
879.4	1.520989	0.000000
880.2	1.520973	0.000000
881.0	1.520956	0.000000
881.8	1.520940	0.000000
882.6	1.520924	0.000000
883.4	1.520908	0.000000
884.1	1.520892	0.000000
884.9	1.520876	0.000000
885.7	1.520860	0.000000
886.5	1.520844	0.000000
887.3	1.520828	0.000000
888.1	1.520812	0.000000
888.8	1.520796	0.000000
889.6	1.520780	0.000000
890.4	1.520764	0.000000
891.2	1.520749	0.000000
892.0	1.520733	0.000000
892.7	1.520717	0.000000
893.5	1.520702	0.000000
894.3	1.520686	0.000000
895.1	1.520671	0.000000
895.9	1.520655	0.000000
896.7	1.520640	0.000000
897.4	1.520624	0.000000
898.2	1.520609	0.000000
899.0	1.520594	0.000000
899.8	1.520578	0.000000
900.6	1.520563	0.000000
901.3	1.520548	0.000000
902.1	1.520533	0.000000
902.9	1.520518	0.000000
903.7	1.520503	0.000000
904.5	1.520488	0.000000
905.3	1.520473	0.000000
906.0	1.520458	0.000000
906.8	1.520443	0.000000
907.6	1.520428	0.000000
908.4	1.520413	0.000000
909.2	1.520398	0.000000
909.9	1.520384	0.000000
910.7	1.520369	0.000000
911.5	1.520354	0.000000
912.3	1.520339	0.000000
913.1	1.520325	0.000000
913.9	1.520310	0.000000
914.6	1.520296	0.000000
915.4	1.520281	0.000000
916.2	1.520267	0.000000
917.0	1.520252	0.000000
917.8	1.520238	0.000000
918.5	1.520224	0.000000
919.3	1.520209	0.000000
920.1	1.520195	0.000000
920.9	1.520181	0.000000
921.7	1.520167	0.000000
922.5	1.520152	0.000000
923.2	1.520138	0.000000
924.0	1.520124	0.000000
924.8	1.520110	0.000000
925.6	1.520096	0.000000
926.4	1.520082	0.000000
927.1	1.520068	0.000000
927.9	1.520054	0.000000
928.7	1.520040	0.000000
929.5	1.520026	0.000000
930.3	1.520013	0.000000
931.1	1.519999	0.000000
931.8	1.519985	0.000000
932.6	1.519971	0.000000
933.4	1.519958	0.000000
934.2	1.519944	0.000000
935.0	1.519930	0.000000
935.7	1.519917	0.000000
936.5	1.519903	0.000000
937.3	1.519890	0.000000
938.1	1.519876	0.000000
938.9	1.519863	0.000000
939.7	1.519849	0.000000
940.4	1.519836	0.000000
941.2	1.519823	0.000000
942.0	1.519809	0.000000
942.8	1.519796	0.000000
943.6	1.519783	0.000000
944.4	1.519770	0.000000
945.1	1.519757	0.000000
945.9	1.519743	0.000000
946.7	1.519730	0.000000
947.5	1.519717	0.000000
948.3	1.519704	0.000000
949.0	1.519691	0.000000
949.8	1.519678	0.000000
950.6	1.519665	0.000000
951.4	1.519652	0.000000
952.2	1.519639	0.000000
953.0	1.519627	0.000000
953.7	1.519614	0.000000
954.5	1.519601	0.000000
955.3	1.519588	0.000000
956.1	1.519575	0.000000
956.9	1.519563	0.000000
957.6	1.519550	0.000000
958.4	1.519537	0.000000
959.2	1.519525	0.000000
960.0	1.519512	0.000000
960.8	1.519500	0.000000
961.6	1.519487	0.000000
962.3	1.519475	0.000000
963.1	1.519462	0.000000
963.9	1.519450	0.000000
964.7	1.519437	0.000000
965.5	1.519425	0.000000
966.2	1.519413	0.000000
967.0	1.519400	0.000000
967.8	1.519388	0.000000
968.6	1.519376	0.000000
969.4	1.519364	0.000000
971.0	1.519339	0.000000
973.4	1.519302	0.000000
975.7	1.519266	0.000000
978.1	1.519229	0.000000
980.5	1.519194	0.000000
982.8	1.519158	0.000000
985.2	1.519123	0.000000
987.6	1.519088	0.000000
989.9	1.519053	0.000000
992.3	1.519018	0.000000
994.7	1.518984	0.000000
997.1	1.518950	0.000000
999.4	1.518916	0.000000
1001.8	1.518882	0.000000
1004.2	1.518849	0.000000
1006.5	1.518816	0.000000
1008.9	1.518783	0.000000
1011.3	1.518750	0.000000
1013.7	1.518718	0.000000
1016.0	1.518685	0.000000
1018.4	1.518653	0.000000
1020.8	1.518622	0.000000
1023.1	1.518590	0.000000
1025.5	1.518559	0.000000
1027.9	1.518528	0.000000
1030.2	1.518497	0.000000
1032.6	1.518466	0.000000
1035.0	1.518436	0.000000
1037.4	1.518405	0.000000
1039.7	1.518375	0.000000
1042.1	1.518345	0.000000
1044.5	1.518316	0.000000
1046.8	1.518286	0.000000
1049.2	1.518257	0.000000
1051.6	1.518228	0.000000
1053.9	1.518199	0.000000
1056.3	1.518170	0.000000
1058.7	1.518142	0.000000
1061.1	1.518114	0.000000
1063.4	1.518086	0.000000
1065.8	1.518058	0.000000
1068.2	1.518030	0.000000
1070.5	1.518002	0.000000
1072.9	1.517975	0.000000
1075.3	1.517948	0.000000
1077.6	1.517921	0.000000
1080.0	1.517894	0.000000
1082.4	1.517867	0.000000
1084.8	1.517841	0.000000
1087.1	1.517815	0.000000
1089.5	1.517788	0.000000
1091.9	1.517762	0.000000
1094.2	1.517737	0.000000
1096.6	1.517711	0.000000
1099.0	1.517686	0.000000
1101.4	1.517660	0.000000
1103.7	1.517635	0.000000
1106.1	1.517610	0.000000
1108.5	1.517585	0.000000
1110.8	1.517561	0.000000
1113.2	1.517536	0.000000
1115.6	1.517512	0.000000
1117.9	1.517488	0.000000
1120.3	1.517464	0.000000
1122.7	1.517440	0.000000
1125.1	1.517416	0.000000
1127.4	1.517393	0.000000
1129.8	1.517369	0.000000
1132.2	1.517346	0.000000
1134.5	1.517323	0.000000
1136.9	1.517300	0.000000
1139.3	1.517277	0.000000
1141.6	1.517254	0.000000
1144.0	1.517232	0.000000
1146.4	1.517209	0.000000
1148.8	1.517187	0.000000
1151.1	1.517165	0.000000
1153.5	1.517143	0.000000
1155.9	1.517121	0.000000
1158.2	1.517099	0.000000
1160.6	1.517077	0.000000
1163.0	1.517056	0.000000
1165.3	1.517035	0.000000
1167.7	1.517013	0.000000
1170.1	1.516992	0.000000
1172.5	1.516971	0.000000
1174.8	1.516951	0.000000
1177.2	1.516930	0.000000
1179.6	1.516909	0.000000
1181.9	1.516889	0.000000
1184.3	1.516868	0.000000
1186.7	1.516848	0.000000
1189.0	1.516828	0.000000
1191.4	1.516808	0.000000
1193.8	1.516788	0.000000
1196.2	1.516769	0.000000
1198.5	1.516749	0.000000
1200.9	1.516729	0.000000
1203.3	1.516710	0.000000
1205.6	1.516691	0.000000
1208.0	1.516672	0.000000
1210.4	1.516653	0.000000
1212.8	1.516634	0.000000
1215.1	1.516615	0.000000
1217.5	1.516596	0.000000
1219.9	1.516578	0.000000
1222.2	1.516559	0.000000
1224.6	1.516541	0.000000
1227.0	1.516522	0.000000
1229.3	1.516504	0.000000
1231.7	1.516486	0.000000
1234.1	1.516468	0.000000
1236.5	1.516450	0.000000
1238.8	1.516432	0.000000
1241.2	1.516415	0.000000
1243.6	1.516397	0.000000
1245.9	1.516380	0.000000
1248.3	1.516362	0.000000
1250.7	1.516345	0.000000
1253.0	1.516328	0.000000
1255.4	1.516311	0.000000
1257.8	1.516294	0.000000
1260.2	1.516277	0.000000
1262.5	1.516260	0.000000
1264.9	1.516244	0.000000
1267.3	1.516227	0.000000
1269.6	1.516211	0.000000
1272.0	1.516194	0.000000
1274.4	1.516178	0.000000
1276.7	1.516162	0.000000
1279.1	1.516145	0.000000
1281.5	1.516129	0.000000
1283.9	1.516113	0.000000
1286.2	1.516098	0.000000
1288.6	1.516082	0.000000
1291.0	1.516066	0.000000
1293.3	1.516050	0.000000
1295.7	1.516035	0.000000
1298.1	1.516019	0.000000
1300.5	1.516004	0.000000
1302.8	1.515989	0.000000
1305.2	1.515974	0.000000
1307.6	1.515959	0.000000
1309.9	1.515944	0.000000
1312.3	1.515929	0.000000
1314.7	1.515914	0.000000
1317.0	1.515899	0.000000
1319.4	1.515884	0.000000
1321.8	1.515870	0.000000
1324.2	1.515855	0.000000
1326.5	1.515841	0.000000
1328.9	1.515826	0.000000
1331.3	1.515812	0.000000
1333.6	1.515798	0.000000
1336.0	1.515784	0.000000
1338.4	1.515769	0.000000
1340.7	1.515755	0.000000
1343.1	1.515741	0.000000
1345.5	1.515728	0.000000
1347.9	1.515714	0.000000
1350.2	1.515700	0.000000
1352.6	1.515686	0.000000
1355.0	1.515673	0.000000
1357.3	1.515659	0.000000
1359.7	1.515646	0.000000
1362.1	1.515633	0.000000
1364.4	1.515619	0.000000
1366.8	1.515606	0.000000
1369.2	1.515593	0.000000
1371.6	1.515580	0.000000
1373.9	1.515567	0.000000
1376.3	1.515554	0.000000
1378.7	1.515541	0.000000
1381.0	1.515528	0.000000
1383.4	1.515515	0.000000
1385.8	1.515503	0.000000
1388.1	1.515490	0.000000
1390.5	1.515478	0.000000
1392.9	1.515465	0.000000
1395.3	1.515453	0.000000
1397.6	1.515440	0.000000
1400.0	1.515428	0.000000
1402.4	1.515416	0.000000
1404.7	1.515404	0.000000
1407.1	1.515391	0.000000
1409.5	1.515379	0.000000
1411.9	1.515367	0.000000
1414.2	1.515355	0.000000
1416.6	1.515344	0.000000
1419.0	1.515332	0.000000
1421.3	1.515320	0.000000
1423.7	1.515308	0.000000
1426.1	1.515297	0.000000
1428.4	1.515285	0.000000
1430.8	1.515274	0.000000
1433.2	1.515262	0.000000
1435.6	1.515251	0.000000
1437.9	1.515239	0.000000
1440.3	1.515228	0.000000
1442.7	1.515217	0.000000
1445.0	1.515206	0.000000
1447.4	1.515194	0.000000
1449.8	1.515183	0.000000
1452.1	1.515172	0.000000
1454.5	1.515161	0.000000
1456.9	1.515150	0.000000
1459.3	1.515140	0.000000
1461.6	1.515129	0.000000
1464.0	1.515118	0.000000
1466.4	1.515107	0.000000
1468.7	1.515097	0.000000
1471.1	1.515086	0.000000
1473.5	1.515075	0.000000
1475.8	1.515065	0.000000
1478.2	1.515054	0.000000
1480.6	1.515044	0.000000
1483.0	1.515034	0.000000
1485.3	1.515023	0.000000
1487.7	1.515013	0.000000
1490.1	1.515003	0.000000
1492.4	1.514993	0.000000
1494.8	1.514983	0.000000
1497.2	1.514973	0.000000
1499.5	1.514963	0.000000
1501.9	1.514953	0.000000
1504.3	1.514943	0.000000
1506.7	1.514933	0.000000
1509.0	1.514923	0.000000
1511.4	1.514913	0.000000
1513.8	1.514904	0.000000
1516.1	1.514894	0.000000
1518.5	1.514884	0.000000
1520.9	1.514875	0.000000
1523.3	1.514865	0.000000
1525.6	1.514856	0.000000
1528.0	1.514846	0.000000
1530.4	1.514837	0.000000
1532.7	1.514827	0.000000
1535.1	1.514818	0.000000
1537.5	1.514809	0.000000
1539.8	1.514799	0.000000
1542.2	1.514790	0.000000
1544.6	1.514781	0.000000
1547.0	1.514772	0.000000
1549.3	1.514763	0.000000
1551.7	1.514754	0.000000
1554.1	1.514745	0.000000
1556.4	1.514736	0.000000
1558.8	1.514727	0.000000
1561.2	1.514718	0.000000
1563.5	1.514709	0.000000
1565.9	1.514701	0.000000
1568.3	1.514692	0.000000
1570.7	1.514683	0.000000
1573.0	1.514674	0.000000
1575.4	1.514666	0.000000
1577.8	1.514657	0.000000
1580.1	1.514649	0.000000
1582.5	1.514640	0.000000
1584.9	1.514632	0.000000
1587.2	1.514623	0.000000
1589.6	1.514615	0.000000
1592.0	1.514606	0.000000
1594.4	1.514598	0.000000
1596.7	1.514590	0.000000
1599.1	1.514582	0.000000
1601.5	1.514573	0.000000
1603.8	1.514565	0.000000
1606.2	1.514557	0.000000
1608.6	1.514549	0.000000
1611.0	1.514541	0.000000
1613.3	1.514533	0.000000
1615.7	1.514525	0.000000
1618.1	1.514517	0.000000
1620.4	1.514509	0.000000
1622.8	1.514501	0.000000
1625.2	1.514493	0.000000
1627.5	1.514485	0.000000
1629.9	1.514477	0.000000
1632.3	1.514470	0.000000
1634.7	1.514462	0.000000
1637.0	1.514454	0.000000
1639.4	1.514447	0.000000
1641.8	1.514439	0.000000
1644.1	1.514431	0.000000
1646.5	1.514424	0.000000
1648.9	1.514416	0.000000
1651.2	1.514409	0.000000
1653.6	1.514401	0.000000
1656.0	1.514394	0.000000
1658.4	1.514387	0.000000
1660.7	1.514379	0.000000
1663.1	1.514372	0.000000
1665.5	1.514365	0.000000
1667.8	1.514357	0.000000
1670.2	1.514350	0.000000
1672.6	1.514343	0.000000
1674.9	1.514336	0.000000
1677.3	1.514328	0.000000
1679.7	1.514321	0.000000
1682.1	1.514314	0.000000
1684.4	1.514307	0.000000
1686.8	1.514300	0.000000
1689.2	1.514293	0.000000
1691.5	1.514286	0.000000
1693.9	1.514279	0.000000
1696.3	1.514272	0.000000
1698.6	1.514265	0.000000
1701.0	1.514259	0.000000
1703.4	1.514252	0.000000
1705.8	1.514245	0.000000
1708.1	1.514238	0.000000
1710.5	1.514231	0.000000
1712.9	1.514225	0.000000
1715.2	1.514218	0.000000
1717.6	1.514211	0.000000
1720.0	1.514205	0.000000
1722.4	1.514198	0.000000
1724.7	1.514192	0.000000
1727.1	1.514185	0.000000
1729.5	1.514178	0.000000
1731.8	1.514172	0.000000
1734.2	1.514165	0.000000
1736.6	1.514159	0.000000
1738.9	1.514153	0.000000
1741.3	1.514146	0.000000
1743.7	1.514140	0.000000
1746.1	1.514134	0.000000
1748.4	1.514127	0.000000
1750.8	1.514121	0.000000
1753.2	1.514115	0.000000
1755.5	1.514108	0.000000
1757.9	1.514102	0.000000
1760.3	1.514096	0.000000
1762.6	1.514090	0.000000
1765.0	1.514084	0.000000
1767.4	1.514078	0.000000
1769.8	1.514072	0.000000
1772.1	1.514065	0.000000
1774.5	1.514059	0.000000
1776.9	1.514053	0.000000
1779.2	1.514047	0.000000
1781.6	1.514041	0.000000
1784.0	1.514036	0.000000
1786.3	1.514030	0.000000
1788.7	1.514024	0.000000
1791.1	1.514018	0.000000
1793.5	1.514012	0.000000
1795.8	1.514006	0.000000
1798.2	1.514000	0.000000
1800.6	1.513995	0.000000
1802.9	1.513989	0.000000
1805.3	1.513983	0.000000
1807.7	1.513977	0.000000
1810.1	1.513972	0.000000
1812.4	1.513966	0.000000
1814.8	1.513960	0.000000
1817.2	1.513955	0.000000
1819.5	1.513949	0.000000
1821.9	1.513944	0.000000
1824.3	1.513938	0.000000
1826.6	1.513932	0.000000
1829.0	1.513927	0.000000
1831.4	1.513921	0.000000
1833.8	1.513916	0.000000
1836.1	1.513911	0.000000
1838.5	1.513905	0.000000
1840.9	1.513900	0.000000
1843.2	1.513894	0.000000
1845.6	1.513889	0.000000
1848.0	1.513884	0.000000
1850.3	1.513878	0.000000
1852.7	1.513873	0.000000
1855.1	1.513868	0.000000
1857.5	1.513862	0.000000
1859.8	1.513857	0.000000
1862.2	1.513852	0.000000
1864.6	1.513847	0.000000
1866.9	1.513842	0.000000
1869.3	1.513836	0.000000
1871.7	1.513831	0.000000
1874.0	1.513826	0.000000
1876.4	1.513821	0.000000
1878.8	1.513816	0.000000
1881.2	1.513811	0.000000
1883.5	1.513806	0.000000
1885.9	1.513801	0.000000
1888.3	1.513796	0.000000
1890.6	1.513791	0.000000
1893.0	1.513786	0.000000
1895.4	1.513781	0.000000
1897.7	1.513776	0.000000
1900.1	1.513771	0.000000
1902.5	1.513766	0.000000
1904.9	1.513761	0.000000
1907.2	1.513756	0.000000
1909.6	1.513751	0.000000
1912.0	1.513747	0.000000
1914.3	1.513742	0.000000
1916.7	1.513737	0.000000
1919.1	1.513732	0.000000
1921.5	1.513728	0.000000
1923.8	1.513723	0.000000
1926.2	1.513718	0.000000
1928.6	1.513713	0.000000
1930.9	1.513709	0.000000
1933.3	1.513704	0.000000
1935.7	1.513699	0.000000
1938.0	1.513695	0.000000
1940.4	1.513690	0.000000
1942.8	1.513685	0.000000
1945.2	1.513681	0.000000
1947.5	1.513676	0.000000
1949.9	1.513672	0.000000
1952.3	1.513667	0.000000
1954.6	1.513663	0.000000
1957.0	1.513658	0.000000
1959.4	1.513654	0.000000
1961.7	1.513649	0.000000
1964.1	1.513645	0.000000
1966.5	1.513640	0.000000
1968.9	1.513636	0.000000
1971.2	1.513632	0.000000
1973.6	1.513627	0.000000
1976.0	1.513623	0.000000
1978.3	1.513618	0.000000
1980.7	1.513614	0.000000
1983.1	1.513610	0.000000
1985.4	1.513605	0.000000
1987.8	1.513601	0.000000
1990.2	1.513597	0.000000
1992.6	1.513593	0.000000
1994.9	1.513588	0.000000
1997.3	1.513584	0.000000
1999.7	1.513580	0.000000
2002.0	1.513576	0.000000
2004.4	1.513572	0.000000
2006.8	1.513567	0.000000
2009.1	1.513563	0.000000
2011.5	1.513559	0.000000
2013.9	1.513555	0.000000
2016.3	1.513551	0.000000
2018.6	1.513547	0.000000
2021.0	1.513543	0.000000
2023.4	1.513539	0.000000
2025.7	1.513534	0.000000
2028.1	1.513530	0.000000
2030.5	1.513526	0.000000
2032.9	1.513522	0.000000
2035.2	1.513518	0.000000
2037.6	1.513514	0.000000
2040.0	1.513510	0.000000
2042.3	1.513506	0.000000
2044.7	1.513503	0.000000
2047.1	1.513499	0.000000
2049.4	1.513495	0.000000
2051.8	1.513491	0.000000
2054.2	1.513487	0.000000
2056.6	1.513483	0.000000
2058.9	1.513479	0.000000
2061.3	1.513475	0.000000
2063.7	1.513471	0.000000
2066.0	1.513468	0.000000
2068.4	1.513464	0.000000
2070.8	1.513460	0.000000
2073.1	1.513456	0.000000
2075.5	1.513452	0.000000
2077.9	1.513449	0.000000
2080.3	1.513445	0.000000
2082.6	1.513441	0.000000
2085.0	1.513437	0.000000
2087.4	1.513434	0.000000
2089.7	1.513430	0.000000
2092.1	1.513426	0.000000
2094.5	1.513423	0.000000
2096.8	1.513419	0.000000
2099.2	1.513415	0.000000
2101.6	1.513412	0.000000
2104.0	1.513408	0.000000
2106.3	1.513405	0.000000
2108.7	1.513401	0.000000
2111.1	1.513397	0.000000
2113.4	1.513394	0.000000
2115.8	1.513390	0.000000
2118.2	1.513387	0.000000
2120.6	1.513383	0.000000
2122.9	1.513380	0.000000
2125.3	1.513376	0.000000
2127.7	1.513373	0.000000
2130.0	1.513369	0.000000
2132.4	1.513366	0.000000
2134.8	1.513362	0.000000
2137.1	1.513359	0.000000
2139.5	1.513355	0.000000
