380	2.070067888	0.023937738
381	2.069190128	0.023632798
382	2.068317383	0.023331258
383	2.06745628	0.023037284
384	2.066600757	0.022747654
385	2.065750992	0.022462506
386	2.064912084	0.022184221
387	2.064077939	0.021909073
388	2.063251484	0.021639056
389	2.062433397	0.021374617
390	2.061620018	0.021113318
391	2.06081626	0.020858437
392	2.060018579	0.020607131
393	2.059225545	0.020358559
394	2.058442391	0.020116171
395	2.057663676	0.019876651
396	2.056891432	0.019641319
397	2.056127894	0.019411107
398	2.055368657	0.019183512
399	2.054617205	0.018960789
400	2.053871826	0.018741306
401	2.053130374	0.018523989
402	2.052397836	0.018312619
403	2.051670055	0.01810363
404	2.050947599	0.017897304
405	2.050233537	0.017695455
406	2.049523205	0.01749589
407	2.048819019	0.017300283
408	2.048121623	0.017107845
409	2.047428071	0.016917323
410	2.046742171	0.016731177
411	2.046061102	0.016547794
412	2.045384023	0.016366693
413	2.044714831	0.016189234
414	2.044049284	0.016013826
415	2.043389229	0.015841555
416	2.042735674	0.015672287
417	2.042085522	0.015504589
418	2.041441849	0.015339885
419	2.040803289	0.015177936
420	2.040168133	0.015017796
421	2.039540856	0.014861292
422	2.038916726	0.014706508
423	2.038296366	0.014553785
424	2.037683127	0.014403803
425	2.037073116	0.014255493
426	2.036468522	0.01411034
427	2.035868797	0.013966958
428	2.035272028	0.013824771
429	2.034681926	0.013685924
430	2.034095508	0.013548754
431	2.033512327	0.013413057
432	2.032936325	0.013280351
433	2.032363008	0.013148727
434	2.0317937	0.013018708
435	2.031229803	0.012891147
436	2.030668786	0.012764898
437	2.030113343	0.012641185
438	2.029562138	0.012519014
439	2.029013787	0.012397909
440	2.028470956	0.012279875
441	2.027931185	0.012162955
442	2.027395278	0.012047442
443	2.026864784	0.011933552
444	2.026336737	0.011820794
445	2.025812802	0.011710326
446	2.025293226	0.011601164
447	2.024776275	0.011492857
448	2.024264955	0.011386806
449	2.023756585	0.011282067
450	2.023250928	0.011178537
451	2.022750593	0.011076781
452	2.022252618	0.010976034
453	2.021758314	0.010876921
454	2.02126837	0.010779262
455	2.020780903	0.01068239
456	2.020298575	0.010587061
457	2.019818896	0.010492869
458	2.019341073	0.010399474
459	2.018868828	0.010308561
460	2.018399039	0.010218193
461	2.017932467	0.01012854
462	2.017470168	0.010041029
463	2.017009968	0.009954233
464	2.01655348	0.009868366
465	2.016100428	0.009783787
466	2.015649474	0.009699935
467	2.015203071	0.009617221
468	2.014758934	0.009535479
469	2.014316943	0.009454658
470	2.013880228	0.009375597
471	2.013445436	0.009297105
472	2.013013522	0.009219436
473	2.012584972	0.009143211
474	2.012158262	0.009067661
475	2.01173518	0.008993148
476	2.011315101	0.008919386
477	2.010897115	0.008846157
478	2.010483481	0.008774798
479	2.010072008	0.008703978
480	2.009663418	0.00863388
481	2.009258023	0.008564848
482	2.008854203	0.008496341
483	2.008453176	0.008428767
484	2.008055569	0.008362047
485	2.007659943	0.008295854
486	2.007267735	0.008230802
487	2.006877787	0.008166395
488	2.00649	0.008102606
489	2.006105722	0.008039402
490	2.005723018	0.007976895
491	2.005342788	0.007915629
492	2.004965912	0.007855322
493	2.004590764	0.007795429
494	2.004218738	0.007736057
495	2.003848958	0.007677434
496	2.003480751	0.00761933
497	2.003116276	0.007561848
498	2.002753426	0.007505178
499	2.002392741	0.00744959
500	2.002035254	0.007394536
501	2.001679178	0.007339745
502	2.001325421	0.007285418
503	2.000974659	0.007231948
504	2.000625614	0.007178943
505	2.000279418	0.007126509
506	1.999934844	0.007074723
507	1.999591806	0.007023551
508	1.999252283	0.006973554
509	1.998914117	0.006923643
510	1.998578002	0.006873732
511	1.998244309	0.006824787
512	1.997912048	0.00677637
513	1.997582877	0.006728984
514	1.997255592	0.006681598
515	1.99692962	0.006634231
516	1.996606755	0.006588108
517	1.99628525	0.006542531
518	1.995965519	0.006497668
519	1.995648478	0.006452804
520	1.995332755	0.00640828
521	1.995019343	0.006364681
522	1.994707657	0.006321514
523	1.994397152	0.006278544
524	1.994090035	0.006235573
525	1.993784236	0.006193261
526	1.993479646	0.006151553
527	1.993178012	0.006111031
528	1.992877468	0.006070586
529	1.992578543	0.006030139
530	1.992282064	0.005990182
531	1.991986902	0.005950488
532	1.991694286	0.005911304
533	1.991403203	0.005872889
534	1.991113172	0.005834968
535	1.9908256	0.005797046
536	1.990539149	0.005759405
537	1.990254094	0.005722114
538	1.989971757	0.005685367
539	1.989690562	0.005648885
540	1.989411185	0.005612856
541	1.989133567	0.005577269
542	1.988857001	0.005541945
543	1.98858266	0.005507178
544	1.988309665	0.005472749
545	1.988037841	0.005438613
546	1.987768437	0.005404478
547	1.987500082	0.005370811
548	1.987233306	0.005337938
549	1.986968516	0.005305064
550	1.986704782	0.005272321
551	1.986443053	0.005240079
552	1.986182899	0.005208232
553	1.98592377	0.00517662
554	1.985666447	0.005145008
555	1.985410291	0.00511398
556	1.985155496	0.005083632
557	1.984902919	0.005053284
558	1.984651207	0.005023123
559	1.984400819	0.004993405
560	1.984152245	0.004963687
561	1.983904641	0.004934055
562	1.983658669	0.004904969
563	1.983414089	0.004876231
564	1.983170628	0.004847775
565	1.982929636	0.004819934
566	1.982689205	0.004792111
567	1.982449537	0.004764287
568	1.982211904	0.004736973
569	1.981975327	0.004709779
570	1.981740701	0.004682585
571	1.981507303	0.004655801
572	1.981274656	0.004629281
573	1.981043174	0.00460335
574	1.98081292	0.004577419
575	1.980583967	0.004551488
576	1.980357294	0.004526128
577	1.980131269	0.004500828
578	1.979906094	0.004475527
579	1.979682797	0.004450696
580	1.979460354	0.00442613
581	1.979238966	0.004402093
582	1.97901904	0.004378056
583	1.978800174	0.004354019
584	1.978582563	0.004329981
585	1.978366008	0.004306471
586	1.97815092	0.004283697
587	1.977936892	0.004260394
588	1.977723555	0.004237149
589	1.977511622	0.004214374
590	1.977300967	0.004192027
591	1.977091105	0.004169883
592	1.976882951	0.004147739
593	1.976675776	0.004125921
594	1.97646952	0.00410441
595	1.976265024	0.004082897
596	1.976061099	0.004061384
597	1.975857992	0.004039871
598	1.975656347	0.004018847
599	1.975455373	0.003998088
600	1.975255413	0.003977839
601	1.975056613	0.003957202
602	1.974858606	0.003936361
603	1.974662444	0.003916744
604	1.974466844	0.003896841
605	1.974271924	0.00387659
606	1.97407866	0.003857442
607	1.973886007	0.003838271
608	1.973694244	0.003818652
609	1.973503828	0.003799483
610	1.973314207	0.003780496
611	1.973126234	0.003761509
612	1.972938603	0.00374287
613	1.972751249	0.003724514
614	1.972566355	0.003706159
615	1.972381778	0.003687803
616	1.972197582	0.003669446
617	1.972014922	0.003651604
618	1.971832912	0.003633879
619	1.971651873	0.003616155
620	1.971472065	0.003598844
621	1.971293003	0.003581751
622	1.971115109	0.003564658
623	1.97093784	0.003547565
624	1.970761211	0.003530472
625	1.970585734	0.003513957
626	1.970410786	0.003497284
627	1.970236677	0.00348019
628	1.970063997	0.003464051
629	1.969892001	0.003448111
630	1.969721044	0.003431649
631	1.969550838	0.003415563
632	1.969381163	0.003399733
633	1.969212725	0.003383903
634	1.969044842	0.003368349
635	1.968877672	0.003353152
636	1.968711583	0.003337411
637	1.9685462	0.003321756
638	1.968382183	0.003306558
639	1.9682186	0.003291802
640	1.968055358	0.003277159
641	1.967893234	0.003261959
642	1.96773213	0.003247103
643	1.967571888	0.003232535
644	1.967412255	0.003217968
645	1.967253133	0.003203644
646	1.967094791	0.00318971
647	1.966937459	0.003175775
648	1.966780659	0.003161839
649	1.966624838	0.003147904
650	1.96646983	0.003133968
651	1.966315352	0.003120032
652	1.966162053	0.003106096
653	1.966009059	0.00309247
654	1.965856382	0.003079166
655	1.965705438	0.003065862
656	1.965554869	0.003052558
657	1.965404714	0.003039253
658	1.965255516	0.003026427
659	1.965106852	0.003013756
660	1.964959225	0.003001084
661	1.964811975	0.002988412
662	1.964665015	0.002975739
663	1.964519912	0.002963067
664	1.964375087	0.002950394
665	1.964230611	0.00293772
666	1.964086679	0.002925594
667	1.963943374	0.002913554
668	1.963801423	0.002901514
669	1.963659916	0.002889473
670	1.963518675	0.002877432
671	1.96337798	0.00286539
672	1.963238335	0.002853349
673	1.963099541	0.002841307
674	1.962961354	0.002829882
675	1.962823433	0.002818474
676	1.962685891	0.002807065
677	1.962549387	0.002795656
678	1.962413416	0.002784246
679	1.962278399	0.002772837
680	1.962143799	0.002761847
681	1.962009519	0.002751071
682	1.961876393	0.002740294
683	1.961743912	0.002729194
684	1.961612054	0.002717784
685	1.961480186	0.002706962
686	1.96134899	0.002696409
687	1.961219018	0.002686265
688	1.961089043	0.002675628
689	1.960959446	0.002664976
690	1.960831372	0.002654831
691	1.960703291	0.002644686
692	1.960575293	0.002634512
693	1.960449111	0.002623733
694	1.960322922	0.002613547
695	1.960196726	0.002604035
696	1.960071664	0.002593957
697	1.959947136	0.002583811
698	1.959823471	0.002573664
699	1.959699803	0.002563985
700	1.959576439	0.002554472
701	1.959454672	0.002544959
702	1.959332899	0.002535445
703	1.959211132	0.002525931
704	1.959090619	0.002516417
705	1.958970376	0.002506903
706	1.958850488	0.002497388
707	1.958731688	0.002487873
708	1.95861307	0.002478535
709	1.958494442	0.002469653
710	1.958376704	0.002460772
711	1.958259502	0.002451812
712	1.958143407	0.002442296
713	1.958027658	0.002433128
714	1.957912192	0.002424246
715	1.957796723	0.00241598
716	1.957682004	0.002407481
717	1.957568429	0.002398598
718	1.957454854	0.002389715
719	1.957341587	0.002380987
720	1.957229277	0.002372738
721	1.957117385	0.002364065
722	1.957005758	0.002355239
723	1.956894704	0.002346989
724	1.956783977	0.00233874
725	1.956673557	0.00233049
726	1.956563727	0.00232224
727	1.956454395	0.002314221
728	1.956345866	0.002306605
729	1.956237835	0.002298487
730	1.956129936	0.002290236
731	1.956022029	0.002281985
732	1.955914933	0.002274138
733	1.955808376	0.002266521
734	1.955703004	0.002258904
735	1.955597629	0.002250977
736	1.955492249	0.002242724
737	1.955387448	0.002235051
738	1.955283129	0.002227433
739	1.955179645	0.002219814
740	1.955076162	0.00221268
741	1.954972915	0.002205577
742	1.954870693	0.002197958
743	1.954768858	0.002190339
744	1.95466729	0.002182743
745	1.954566331	0.002175759
746	1.954465368	0.002168481
747	1.954364401	0.00216086
748	1.95426456	0.002153804
749	1.954165059	0.002146818
750	1.954065989	0.002139833
751	1.953967387	0.002132847
752	1.953869055	0.002125861
753	1.953771248	0.002118875
754	1.953673812	0.002111888
755	1.953576645	0.002104902
756	1.9534801	0.002097915
757	1.953383831	0.002091207
758	1.953287915	0.002084855
759	1.953192547	0.002077953
760	1.953097448	0.002070966
761	1.953002795	0.002063978
762	1.952908141	0.002057446
763	1.952813667	0.002051093
764	1.952720277	0.00204474
765	1.952627246	0.002038387
766	1.952534487	0.002032033
767	1.952442357	0.00202568
768	1.952350227	0.002019326
769	1.952258092	0.002012972
770	1.952167032	0.002006618
771	1.952076165	0.002000263
772	1.951985298	0.001993909
773	1.951895315	0.001987554
774	1.951805712	0.001981199
775	1.951716105	0.001974844
776	1.951626846	0.00196884
777	1.951537868	0.00196312
778	1.951449509	0.001956778
779	1.95136142	0.00195068
780	1.951273706	0.001944959