300.2678223	2.043154209	0.0000028514 
301.049327	2.04219215	0.0000028367 
301.8308317	2.041237548	0.0000028220 
302.6123364	2.040290326	0.0000028075 
303.393841	2.039350408	0.0000027930 
304.1753457	2.03841772	0.0000027787 
304.9568504	2.037492186	0.0000027645 
305.7383551	2.036573735	0.0000027504 
306.5198598	2.035662294	0.0000027364 
307.3013645	2.034757791	0.0000027225 
308.0828692	2.033860158	0.0000027087 
308.8643738	2.032969324	0.0000026950 
309.6458785	2.03208522	0.0000026815 
310.4273832	2.03120778	0.0000026680 
311.2088879	2.030336936	0.0000026546 
311.9903926	2.029472623	0.0000026413 
312.7718973	2.028614775	0.0000026282 
313.5534019	2.027763328	0.0000026151 
314.3349066	2.026918219	0.0000026021 
315.1164113	2.026079384	0.0000025892 
315.897916	2.025246762	0.0000025765 
316.6794207	2.024420292	0.0000025638 
317.4609254	2.023599913	0.0000025512 
318.24243	2.022785565	0.0000025387 
319.0239347	2.021977189	0.0000025263 
319.8054394	2.021174728	0.0000025139 
320.5869441	2.020378124	0.0000025017 
321.3684488	2.019587319	0.0000024896 
322.1499535	2.018802258	0.0000024775 
322.9314582	2.018022884	0.0000024655 
323.7129628	2.017249145	0.0000024537 
324.4944675	2.016480984	0.0000024419 
325.2759722	2.015718349	0.0000024302 
326.0574769	2.014961187	0.0000024185 
326.8389816	2.014209445	0.0000024070 
327.6204863	2.013463072	0.0000023955 
328.4019909	2.012722017	0.0000023841 
329.1834956	2.01198623	0.0000023728 
329.9650003	2.01125566	0.0000023616 
330.746505	2.010530259	0.0000023505 
331.5280097	2.009809977	0.0000023394 
332.3095144	2.009094768	0.0000023284 
333.091019	2.008384582	0.0000023175 
333.8725237	2.007679374	0.0000023067 
334.6540284	2.006979097	0.0000022960 
335.4355331	2.006283705	0.0000022853 
336.2170378	2.005593152	0.0000022747 
336.9985425	2.004907395	0.0000022642 
337.7800472	2.004226388	0.0000022537 
338.5615518	2.003550088	0.0000022433 
339.3430565	2.002878452	0.0000022330 
340.1245612	2.002211436	0.0000022228 
340.9060659	2.001548999	0.0000022126 
341.6875706	2.000891098	0.0000022025 
342.4690753	2.000237693	0.0000021925 
343.2505799	1.999588743	0.0000021825 
344.0320846	1.998944206	0.0000021726 
344.8135893	1.998304044	0.0000021628 
345.595094	1.997668216	0.0000021530 
346.3765987	1.997036684	0.0000021433 
347.1581034	1.996409409	0.0000021337 
347.939608	1.995786353	0.0000021241 
348.7211127	1.995167477	0.0000021146 
349.5026174	1.994552746	0.0000021052 
350.2841221	1.993942122	0.0000020958 
351.0656268	1.993335567	0.0000020865 
351.8471315	1.992733047	0.0000020772 
352.6286362	1.992134526	0.0000020680 
353.4101408	1.991539968	0.0000020589 
354.1916455	1.990949338	0.0000020498 
354.9731502	1.990362602	0.0000020408 
355.7546549	1.989779726	0.0000020319 
356.5361596	1.989200675	0.0000020230 
357.3176643	1.988625417	0.0000020141 
358.0991689	1.988053919	0.0000020054 
358.8806736	1.987486147	0.0000019967 
359.6621783	1.98692207	0.0000019880 
360.443683	1.986361655	0.0000019794 
361.2251877	1.98580487	0.0000019708 
362.0066924	1.985251686	0.0000019623 
362.788197	1.984702069	0.0000019539 
363.5697017	1.984155991	0.0000019455 
364.3512064	1.98361342	0.0000019372 
365.1327111	1.983074327	0.0000019289 
365.9142158	1.982538682	0.0000019207 
366.6957205	1.982006456	0.0000019125 
367.4772252	1.981477619	0.0000019044 
368.2587298	1.980952143	0.0000018963 
369.0402345	1.980429999	0.0000018883 
369.8217392	1.97991116	0.0000018803 
370.6032439	1.979395597	0.0000018724 
371.3847486	1.978883284	0.0000018646 
372.1662533	1.978374192	0.0000018567 
372.9477579	1.977868294	0.0000018490 
373.7292626	1.977365565	0.0000018413 
374.5107673	1.976865978	0.0000018336 
375.292272	1.976369506	0.0000018260 
376.0737767	1.975876124	0.0000018184 
376.8552814	1.975385806	0.0000018109 
377.636786	1.974898527	0.0000018034 
378.4182907	1.974414262	0.0000017959 
379.1997954	1.973932985	0.0000017885 
379.9813001	1.973454673	0.0000017812 
380.7628048	1.972979301	0.0000017739 
381.5443095	1.972506846	0.0000017667 
382.3258142	1.972037282	0.0000017594 
383.1073188	1.971570587	0.0000017523 
383.8888235	1.971106738	0.0000017452 
384.6703282	1.970645711	0.0000017381 
385.4518329	1.970187483	0.0000017310 
386.2333376	1.969732033	0.0000017240 
387.0148423	1.969279336	0.0000017171 
387.7963469	1.968829372	0.0000017102 
388.5778516	1.968382119	0.0000017033 
389.3593563	1.967937553	0.0000016965 
390.140861	1.967495655	0.0000016897 
390.9223657	1.967056403	0.0000016830 
391.7038704	1.966619776	0.0000016763 
392.485375	1.966185752	0.0000016696 
393.2668797	1.965754312	0.0000016630 
394.0483844	1.965325434	0.0000016564 
394.8298891	1.964899099	0.0000016498 
395.6113938	1.964475286	0.0000016433 
396.3928985	1.964053976	0.0000016369 
397.1744032	1.963635149	0.0000016304 
397.9559078	1.963218785	0.0000016240 
398.7374125	1.962804866	0.0000016177 
399.5189172	1.962393371	0.0000016114 
400.3004219	1.961984283	0.0000016051 
401.0819266	1.961577582	0.0000015988 
401.8634313	1.96117325	0.0000015926 
402.6449359	1.960771268	0.0000015865 
403.4264406	1.960371619	0.0000015803 
404.2079453	1.959974284	0.0000015742 
404.98945	1.959579245	0.0000015682 
405.7709547	1.959186486	0.0000015621 
406.5524594	1.958795988	0.0000015561 
407.3339641	1.958407733	0.0000015502 
408.1154687	1.958021706	0.0000015442 
408.8969734	1.957637888	0.0000015383 
409.6784781	1.957256264	0.0000015325 
410.4599828	1.956876816	0.0000015267 
411.2414875	1.956499528	0.0000015209 
412.0229922	1.956124383	0.0000015151 
412.8044968	1.955751365	0.0000015094 
413.5860015	1.955380459	0.0000015037 
414.3675062	1.955011648	0.0000014980 
415.1490109	1.954644916	0.0000014924 
415.9305156	1.954280249	0.0000014868 
416.7120203	1.953917629	0.0000014812 
417.4935249	1.953557044	0.0000014757 
418.2750296	1.953198476	0.0000014702 
419.0565343	1.952841911	0.0000014647 
419.838039	1.952487334	0.0000014593 
420.6195437	1.95213473	0.0000014538 
421.4010484	1.951784086	0.0000014485 
422.1825531	1.951435385	0.0000014431 
422.9640577	1.951088614	0.0000014378 
423.7455624	1.950743759	0.0000014325 
424.5270671	1.950400806	0.0000014272 
425.3085718	1.95005974	0.0000014220 
426.0900765	1.949720548	0.0000014168 
426.8715812	1.949383216	0.0000014116 
427.6530858	1.949047731	0.0000014064 
428.4345905	1.948714079	0.0000014013 
429.2160952	1.948382246	0.0000013962 
429.9975999	1.94805222	0.0000013912 
430.7791046	1.947723988	0.0000013861 
431.5606093	1.947397536	0.0000013811 
432.3421139	1.947072851	0.0000013761 
433.1236186	1.946749922	0.0000013712 
433.9051233	1.946428735	0.0000013662 
434.686628	1.946109277	0.0000013613 
435.4681327	1.945791537	0.0000013564 
436.2496374	1.945475502	0.0000013516 
437.0311421	1.94516116	0.0000013468 
437.8126467	1.944848498	0.0000013420 
438.5941514	1.944537506	0.0000013372 
439.3756561	1.94422817	0.0000013324 
440.1571608	1.94392048	0.0000013277 
440.9386655	1.943614423	0.0000013230 
441.7201702	1.943309988	0.0000013183 
442.5016748	1.943007164	0.0000013137 
443.2831795	1.942705939	0.0000013091 
444.0646842	1.942406303	0.0000013045 
444.8461889	1.942108243	0.0000012999 
445.6276936	1.941811749	0.0000012953 
446.4091983	1.94151681	0.0000012908 
447.1907029	1.941223415	0.0000012863 
447.9722076	1.940931553	0.0000012818 
448.7537123	1.940641214	0.0000012774 
449.535217	1.940352387	0.0000012729 
450.3167217	1.940065061	0.0000012685 
451.0982264	1.939779227	0.0000012641 
451.8797311	1.939494873	0.0000012598 
452.6612357	1.93921199	0.0000012554 
453.4427404	1.938930568	0.0000012511 
454.2242451	1.938650596	0.0000012468 
455.0057498	1.938372065	0.0000012425 
455.7872545	1.938094964	0.0000012383 
456.5687592	1.937819284	0.0000012340 
457.3502638	1.937545016	0.0000012298 
458.1317685	1.937272149	0.0000012256 
458.9132732	1.937000674	0.0000012215 
459.6947779	1.936730582	0.0000012173 
460.4762826	1.936461863	0.0000012132 
461.2577873	1.936194508	0.0000012091 
462.0392919	1.935928507	0.0000012050 
462.8207966	1.935663853	0.0000012009 
463.6023013	1.935400534	0.0000011969 
464.383806	1.935138544	0.0000011929 
465.1653107	1.934877871	0.0000011889 
465.9468154	1.934618509	0.0000011849 
466.7283201	1.934360448	0.0000011809 
467.5098247	1.934103679	0.0000011770 
468.2913294	1.933848194	0.0000011731 
469.0728341	1.933593984	0.0000011692 
469.8543388	1.93334104	0.0000011653 
470.6358435	1.933089355	0.0000011614 
471.4173482	1.93283892	0.0000011576 
472.1988528	1.932589727	0.0000011537 
472.9803575	1.932341767	0.0000011499 
473.7618622	1.932095033	0.0000011461 
474.5433669	1.931849516	0.0000011424 
475.3248716	1.931605208	0.0000011386 
476.1063763	1.931362102	0.0000011349 
476.8878809	1.931120189	0.0000011312 
477.6693856	1.930879462	0.0000011275 
478.4508903	1.930639913	0.0000011238 
479.232395	1.930401535	0.0000011201 
480.0138997	1.930164319	0.0000011165 
480.7954044	1.929928258	0.0000011129 
481.5769091	1.929693345	0.0000011093 
482.3584137	1.929459572	0.0000011057 
483.1399184	1.929226932	0.0000011021 
483.9214231	1.928995418	0.0000010985 
484.7029278	1.928765022	0.0000010950 
485.4844325	1.928535737	0.0000010915 
486.2659372	1.928307556	0.0000010880 
487.0474418	1.928080472	0.0000010845 
487.8289465	1.927854478	0.0000010810 
488.6104512	1.927629567	0.0000010776 
489.3919559	1.927405732	0.0000010741 
490.1734606	1.927182966	0.0000010707 
490.9549653	1.926961262	0.0000010673 
491.7364699	1.926740615	0.0000010639 
492.5179746	1.926521016	0.0000010605 
493.2994793	1.926302459	0.0000010572 
494.080984	1.926084938	0.0000010539 
494.8624887	1.925868447	0.0000010505 
495.6439934	1.925652978	0.0000010472 
496.4254981	1.925438525	0.0000010439 
497.2070027	1.925225082	0.0000010406 
497.9885074	1.925012643	0.0000010374 
498.7700121	1.924801201	0.0000010341 
499.5515168	1.92459075	0.0000010309 
500.3330215	1.924381284	0.0000010277 
501.1145262	1.924172797	0.0000010245 
501.8960308	1.923965282	0.0000010213 
502.6775355	1.923758734	0.0000010181 
503.4590402	1.923553147	0.0000010150 
504.2405449	1.923348514	0.0000010118 
505.0220496	1.92314483	0.0000010087 
505.8035543	1.922942089	0.0000010056 
506.5850589	1.922740285	0.0000010025 
507.3665636	1.922539413	0.0000009994 
508.1480683	1.922339466	0.0000009963 
508.929573	1.922140438	0.0000009933 
509.7110777	1.921942326	0.0000009902 
510.4925824	1.921745121	0.0000009872 
511.2740871	1.92154882	0.0000009842 
512.0555917	1.921353417	0.0000009812 
512.8370964	1.921158906	0.0000009782 
513.6186011	1.920965282	0.0000009752 
514.4001058	1.920772539	0.0000009723 
515.1816105	1.920580672	0.0000009693 
515.9631152	1.920389675	0.0000009664 
516.7446198	1.920199545	0.0000009635 
517.5261245	1.920010274	0.0000009606 
518.3076292	1.919821859	0.0000009577 
519.0891339	1.919634293	0.0000009548 
519.8706386	1.919447572	0.0000009519 
520.6521433	1.919261691	0.0000009491 
521.433648	1.919076645	0.0000009462 
522.2151526	1.918892429	0.0000009434 
522.9966573	1.918709037	0.0000009406 
523.778162	1.918526465	0.0000009378 
524.5596667	1.918344708	0.0000009350 
525.3411714	1.918163762	0.0000009322 
526.1226761	1.91798362	0.0000009295 
526.9041807	1.917804279	0.0000009267 
527.6856854	1.917625734	0.0000009240 
528.4671901	1.917447981	0.0000009212 
529.2486948	1.917271013	0.0000009185 
530.0301995	1.917094828	0.0000009158 
530.8117042	1.916919419	0.0000009131 
531.5932088	1.916744784	0.0000009104 
532.3747135	1.916570916	0.0000009078 
533.1562182	1.916397812	0.0000009051 
533.9377229	1.916225468	0.0000009025 
534.7192276	1.916053878	0.0000008998 
535.5007323	1.915883038	0.0000008972 
536.282237	1.915712944	0.0000008946 
537.0637416	1.915543592	0.0000008920 
537.8452463	1.915374977	0.0000008894 
538.626751	1.915207096	0.0000008868 
539.4082557	1.915039943	0.0000008843 
540.1897604	1.914873515	0.0000008817 
540.9712651	1.914707807	0.0000008792 
541.7527697	1.914542815	0.0000008766 
542.5342744	1.914378536	0.0000008741 
543.3157791	1.914214964	0.0000008716 
544.0972838	1.914052097	0.0000008691 
544.8787885	1.913889929	0.0000008666 
545.6602932	1.913728458	0.0000008641 
546.4417978	1.913567678	0.0000008617 
547.2233025	1.913407587	0.0000008592 
548.0048072	1.913248179	0.0000008567 
548.7863119	1.913089452	0.0000008543 
549.5678166	1.912931401	0.0000008519 
550.3493213	1.912774023	0.0000008495 
551.130826	1.912617313	0.0000008471 
551.9123306	1.912461268	0.0000008447 
552.6938353	1.912305885	0.0000008423 
553.47534	1.912151159	0.0000008399 
554.2568447	1.911997086	0.0000008375 
555.0383494	1.911843664	0.0000008352 
555.8198541	1.911690888	0.0000008328 
556.6013587	1.911538754	0.0000008305 
557.3828634	1.91138726	0.0000008282 
558.1643681	1.911236402	0.0000008259 
558.9458728	1.911086175	0.0000008236 
559.7273775	1.910936577	0.0000008213 
560.5088822	1.910787605	0.0000008190 
561.2903868	1.910639253	0.0000008167 
562.0718915	1.91049152	0.0000008144 
562.8533962	1.910344401	0.0000008122 
563.6349009	1.910197894	0.0000008099 
564.4164056	1.910051994	0.0000008077 
565.1979103	1.909906699	0.0000008054 
565.979415	1.909762005	0.0000008032 
566.7609196	1.90961791	0.0000008010 
567.5424243	1.909474408	0.0000007988 
568.323929	1.909331498	0.0000007966 
569.1054337	1.909189176	0.0000007944 
569.8869384	1.909047439	0.0000007922 
570.6684431	1.908906283	0.0000007901 
571.4499477	1.908765706	0.0000007879 
572.2314524	1.908625704	0.0000007858 
573.0129571	1.908486275	0.0000007836 
573.7944618	1.908347414	0.0000007815 
574.5759665	1.90820912	0.0000007794 
575.3574712	1.908071388	0.0000007773 
576.1389758	1.907934216	0.0000007752 
576.9204805	1.907797601	0.0000007731 
577.7019852	1.90766154	0.0000007710 
578.4834899	1.90752603	0.0000007689 
579.2649946	1.907391067	0.0000007668 
580.0464993	1.90725665	0.0000007647 
580.828004	1.907122774	0.0000007627 
581.6095086	1.906989437	0.0000007606 
582.3910133	1.906856637	0.0000007586 
583.172518	1.90672437	0.0000007566 
583.9540227	1.906592633	0.0000007546 
584.7355274	1.906461424	0.0000007525 
585.5170321	1.90633074	0.0000007505 
586.2985367	1.906200577	0.0000007485 
587.0800414	1.906070934	0.0000007465 
587.8615461	1.905941808	0.0000007446 
588.6430508	1.905813195	0.0000007426 
589.4245555	1.905685093	0.0000007406 
590.2060602	1.905557499	0.0000007387 
590.9875648	1.905430412	0.0000007367 
591.7690695	1.905303827	0.0000007348 
592.5505742	1.905177742	0.0000007328 
593.3320789	1.905052155	0.0000007309 
594.1135836	1.904927063	0.0000007290 
594.8950883	1.904802463	0.0000007271 
595.676593	1.904678354	0.0000007252 
596.4580976	1.904554732	0.0000007233 
597.2396023	1.904431594	0.0000007214 
598.021107	1.904308939	0.0000007195 
598.8026117	1.904186763	0.0000007176 
599.5841164	1.904065065	0.0000007157 
600.3656211	1.903943841	0.0000007139 
601.1471257	1.90382309	0.0000007120 
601.9286304	1.903702808	0.0000007102 
602.7101351	1.903582994	0.0000007083 
603.4916398	1.903463645	0.0000007065 
604.2731445	1.903344758	0.0000007047 
605.0546492	1.903226331	0.0000007029 
605.8361538	1.903108363	0.0000007011 
606.6176585	1.902990849	0.0000006992 
607.3991632	1.902873789	0.0000006975 
608.1806679	1.90275718	0.0000006957 
608.9621726	1.902641019	0.0000006939 
609.7436773	1.902525304	0.0000006921 
610.525182	1.902410034	0.0000006903 
611.3066866	1.902295204	0.0000006886 
612.0881913	1.902180814	0.0000006868 
612.869696	1.902066862	0.0000006851 
613.6512007	1.901953344	0.0000006833 
614.4327054	1.901840259	0.0000006816 
615.2142101	1.901727604	0.0000006799 
615.9957147	1.901615378	0.0000006781 
616.7772194	1.901503578	0.0000006764 
617.5587241	1.901392202	0.0000006747 
618.3402288	1.901281247	0.0000006730 
619.1217335	1.901170713	0.0000006713 
619.9032382	1.901060596	0.0000006696 
620.6847428	1.900950894	0.0000006679 
621.4662475	1.900841606	0.0000006662 
622.2477522	1.900732729	0.0000006646 
623.0292569	1.900624262	0.0000006629 
623.8107616	1.900516202	0.0000006613 
624.5922663	1.900408547	0.0000006596 
625.373771	1.900301295	0.0000006580 
626.1552756	1.900194444	0.0000006563 
626.9367803	1.900087993	0.0000006547 
627.718285	1.899981939	0.0000006530 
628.4997897	1.89987628	0.0000006514 
629.2812944	1.899771014	0.0000006498 
630.0627991	1.899666139	0.0000006482 
630.8443037	1.899561654	0.0000006466 
631.6258084	1.899457556	0.0000006450 
632.4073131	1.899353844	0.0000006434 
633.1888178	1.899250515	0.0000006418 
633.9703225	1.899147569	0.0000006402 
634.7518272	1.899045002	0.0000006387 
635.5333319	1.898942812	0.0000006371 
636.3148365	1.898841	0.0000006355 
637.0963412	1.898739561	0.0000006340 
637.8778459	1.898638495	0.0000006324 
638.6593506	1.898537799	0.0000006309 
639.4408553	1.898437473	0.0000006293 
640.22236	1.898337513	0.0000006278 
641.0038646	1.898237918	0.0000006263 
641.7853693	1.898138687	0.0000006247 
642.566874	1.898039818	0.0000006232 
643.3483787	1.897941309	0.0000006217 
644.1298834	1.897843158	0.0000006202 
644.9113881	1.897745363	0.0000006187 
645.6928927	1.897647923	0.0000006172 
646.4743974	1.897550836	0.0000006157 
647.2559021	1.8974541	0.0000006142 
648.0374068	1.897357714	0.0000006128 
648.8189115	1.897261676	0.0000006113 
649.6004162	1.897165985	0.0000006098 
650.3819209	1.897070637	0.0000006083 
651.1634255	1.896975633	0.0000006069 
651.9449302	1.89688097	0.0000006054 
652.7264349	1.896786647	0.0000006040 
653.5079396	1.896692662	0.0000006025 
654.2894443	1.896599013	0.0000006011 
655.070949	1.896505699	0.0000005997 
655.8524536	1.896412718	0.0000005982 
656.6339583	1.896320069	0.0000005968 
657.415463	1.896227751	0.0000005954 
658.1969677	1.89613576	0.0000005940 
658.9784724	1.896044097	0.0000005926 
659.7599771	1.895952759	0.0000005912 
660.5414817	1.895861745	0.0000005898 
661.3229864	1.895771053	0.0000005884 
662.1044911	1.895680682	0.0000005870 
662.8859958	1.89559063	0.0000005856 
663.6675005	1.895500896	0.0000005842 
664.4490052	1.895411479	0.0000005829 
665.2305099	1.895322376	0.0000005815 
666.0120145	1.895233586	0.0000005801 
666.7935192	1.895145109	0.0000005788 
667.5750239	1.895056942	0.0000005774 
668.3565286	1.894969084	0.0000005761 
669.1380333	1.894881533	0.0000005747 
669.919538	1.894794289	0.0000005734 
670.7010426	1.894707349	0.0000005721 
671.4825473	1.894620713	0.0000005707 
672.264052	1.894534378	0.0000005694 
673.0455567	1.894448344	0.0000005681 
673.8270614	1.894362609	0.0000005668 
674.6085661	1.894277171	0.0000005655 
675.3900707	1.89419203	0.0000005641 
676.1715754	1.894107184	0.0000005628 
676.9530801	1.894022631	0.0000005615 
677.7345848	1.893938371	0.0000005602 
678.5160895	1.893854401	0.0000005590 
679.2975942	1.893770721	0.0000005577 
680.0790989	1.893687329	0.0000005564 
680.8606035	1.893604224	0.0000005551 
681.6421082	1.893521405	0.0000005538 
682.4236129	1.89343887	0.0000005526 
683.2051176	1.893356617	0.0000005513 
683.9866223	1.893274647	0.0000005501 
684.768127	1.893192957	0.0000005488 
685.5496316	1.893111546	0.0000005476 
686.3311363	1.893030412	0.0000005463 
687.112641	1.892949556	0.0000005451 
687.8941457	1.892868975	0.0000005438 
688.6756504	1.892788667	0.0000005426 
689.4571551	1.892708633	0.0000005414 
690.2386597	1.89262887	0.0000005401 
691.0201644	1.892549378	0.0000005389 
691.8016691	1.892470154	0.0000005377 
692.5831738	1.892391199	0.0000005365 
693.3646785	1.89231251	0.0000005353 
694.1461832	1.892234087	0.0000005341 
694.9276879	1.892155928	0.0000005329 
695.7091925	1.892078033	0.0000005317 
696.4906972	1.892000399	0.0000005305 
697.2722019	1.891923026	0.0000005293 
698.0537066	1.891845913	0.0000005281 
698.8352113	1.891769058	0.0000005269 
699.616716	1.891692461	0.0000005258 
700.3982206	1.891616119	0.0000005246 
701.1797253	1.891540033	0.0000005234 
701.96123	1.891464201	0.0000005223 
702.7427347	1.891388621	0.0000005211 
703.5242394	1.891313293	0.0000005199 
704.3057441	1.891238216	0.0000005188 
705.0872487	1.891163388	0.0000005176 
705.8687534	1.891088808	0.0000005165 
706.6502581	1.891014475	0.0000005154 
707.4317628	1.890940389	0.0000005142 
708.2132675	1.890866547	0.0000005131 
708.9947722	1.89079295	0.0000005120 
709.7762769	1.890719595	0.0000005108 
710.5577815	1.890646483	0.0000005097 
711.3392862	1.890573611	0.0000005086 
712.1207909	1.890500978	0.0000005075 
712.9022956	1.890428585	0.0000005064 
713.6838003	1.890356429	0.0000005052 
714.465305	1.890284509	0.0000005041 
715.2468096	1.890212825	0.0000005030 
716.0283143	1.890141376	0.0000005019 
716.809819	1.89007016	0.0000005009 
717.5913237	1.889999176	0.0000004998 
718.3728284	1.889928424	0.0000004987 
719.1543331	1.889857903	0.0000004976 
719.9358377	1.88978761	0.0000004965 
720.7173424	1.889717547	0.0000004954 
721.4988471	1.889647711	0.0000004944 
722.2803518	1.889578101	0.0000004933 
723.0618565	1.889508717	0.0000004922 
723.8433612	1.889439557	0.0000004912 
724.6248659	1.889370621	0.0000004901 
725.4063705	1.889301907	0.0000004891 
726.1878752	1.889233415	0.0000004880 
726.9693799	1.889165144	0.0000004870 
727.7508846	1.889097093	0.0000004859 
728.5323893	1.88902926	0.0000004849 
729.313894	1.888961645	0.0000004838 
730.0953986	1.888894247	0.0000004828 
730.8769033	1.888827065	0.0000004818 
731.658408	1.888760099	0.0000004807 
732.4399127	1.888693346	0.0000004797 
733.2214174	1.888626807	0.0000004787 
734.0029221	1.88856048	0.0000004777 
734.7844267	1.888494364	0.0000004767 
735.5659314	1.888428459	0.0000004756 
736.3474361	1.888362764	0.0000004746 
737.1289408	1.888297277	0.0000004736 
737.9104455	1.888231999	0.0000004726 
738.6919502	1.888166927	0.0000004716 
739.4734549	1.888102061	0.0000004706 
740.2549595	1.888037401	0.0000004696 
741.0364642	1.887972945	0.0000004687 
741.8179689	1.887908693	0.0000004677 
742.5994736	1.887844643	0.0000004667 
743.3809783	1.887780795	0.0000004657 
744.162483	1.887717148	0.0000004647 
744.9439876	1.887653701	0.0000004637 
745.7254923	1.887590454	0.0000004628 
746.506997	1.887527405	0.0000004618 
747.2885017	1.887464554	0.0000004608 
748.0700064	1.887401899	0.0000004599 
748.8515111	1.88733944	0.0000004589 
749.6330158	1.887277177	0.0000004580 
750.4145204	1.887215108	0.0000004570 
751.1960251	1.887153232	0.0000004561 
751.9775298	1.88709155	0.0000004551 
752.7590345	1.887030059	0.0000004542 
753.5405392	1.886968759	0.0000004532 
754.3220439	1.88690765	0.0000004523 
755.1035485	1.88684673	0.0000004514 
755.8850532	1.886785999	0.0000004504 
756.6665579	1.886725457	0.0000004495 
757.4480626	1.886665101	0.0000004486 
758.2295673	1.886604932	0.0000004476 
759.011072	1.886544948	0.0000004467 
759.7925766	1.88648515	0.0000004458 
760.5740813	1.886425535	0.0000004449 
761.355586	1.886366104	0.0000004440 
762.1370907	1.886306856	0.0000004431 
762.9185954	1.88624779	0.0000004422 
763.7001001	1.886188904	0.0000004413 
764.4816048	1.8861302	0.0000004404 
765.2631094	1.886071674	0.0000004395 
766.0446141	1.886013328	0.0000004386 
766.8261188	1.88595516	0.0000004377 
767.6076235	1.88589717	0.0000004368 
768.3891282	1.885839357	0.0000004359 
769.1706329	1.885781719	0.0000004350 
769.9521375	1.885724257	0.0000004341 
770.7336422	1.885666969	0.0000004332 
771.5151469	1.885609856	0.0000004324 
772.2966516	1.885552916	0.0000004315 
773.0781563	1.885496148	0.0000004306 
773.859661	1.885439552	0.0000004298 
774.6411656	1.885383127	0.0000004289 
775.4226703	1.885326873	0.0000004280 
776.204175	1.885270788	0.0000004272 
776.9856797	1.885214873	0.0000004263 
777.7671844	1.885159126	0.0000004254 
778.5486891	1.885103546	0.0000004246 
779.3301938	1.885048134	0.0000004237 
780.1116984	1.884992888	0.0000004229 
780.8932031	1.884937808	0.0000004220 
781.6747078	1.884882893	0.0000004212 
782.4562125	1.884828142	0.0000004204 
783.2377172	1.884773555	0.0000004195 
784.0192219	1.884719132	0.0000004187 
784.8007265	1.88466487	0.0000004179 
785.5822312	1.884610771	0.0000004170 
786.3637359	1.884556832	0.0000004162 
787.1452406	1.884503054	0.0000004154 
787.9267453	1.884449436	0.0000004145 
788.70825	1.884395978	0.0000004137 
789.4897546	1.884342678	0.0000004129 
790.2712593	1.884289535	0.0000004121 
791.052764	1.884236551	0.0000004113 
791.8342687	1.884183723	0.0000004105 
792.6157734	1.884131051	0.0000004097 
793.3972781	1.884078535	0.0000004089 
794.1787828	1.884026173	0.0000004081 
794.9602874	1.883973966	0.0000004072 
795.7417921	1.883921913	0.0000004064 
796.5232968	1.883870012	0.0000004057 
797.3048015	1.883818264	0.0000004049 
798.0863062	1.883766668	0.0000004041 
798.8678109	1.883715224	0.0000004033 
799.6493155	1.88366393	0.0000004025 
800.4308202	1.883612786	0.0000004017 
801.2123249	1.883561792	0.0000004009 
801.9938296	1.883510946	0.0000004001 
802.7753343	1.883460249	0.0000003994 
803.556839	1.8834097	0.0000003986 
804.3383436	1.883359298	0.0000003978 
805.1198483	1.883309043	0.0000003970 
805.901353	1.883258934	0.0000003963 
806.6828577	1.88320897	0.0000003955 
807.4643624	1.883159151	0.0000003947 
808.2458671	1.883109477	0.0000003940 
809.0273718	1.883059946	0.0000003932 
809.8088764	1.883010559	0.0000003925 
810.5903811	1.882961315	0.0000003917 
811.3718858	1.882912212	0.0000003909 
812.1533905	1.882863252	0.0000003902 
812.9348952	1.882814432	0.0000003894 
813.7163999	1.882765753	0.0000003887 
814.4979045	1.882717214	0.0000003880 
815.2794092	1.882668814	0.0000003872 
816.0609139	1.882620554	0.0000003865 
816.8424186	1.882572432	0.0000003857 
817.6239233	1.882524447	0.0000003850 
818.405428	1.8824766	0.0000003843 
819.1869326	1.88242889	0.0000003835 
819.9684373	1.882381316	0.0000003828 
820.749942	1.882333878	0.0000003821 
821.5314467	1.882286575	0.0000003813 
822.3129514	1.882239407	0.0000003806 
823.0944561	1.882192374	0.0000003799 
823.8759608	1.882145474	0.0000003792 
824.6574654	1.882098707	0.0000003785 
825.4389701	1.882052073	0.0000003777 
826.2204748	1.882005571	0.0000003770 
827.0019795	1.881959201	0.0000003763 
827.7834842	1.881912962	0.0000003756 
828.5649889	1.881866854	0.0000003749 
829.3464935	1.881820876	0.0000003742 
830.1279982	1.881775028	0.0000003735 
830.9095029	1.881729309	0.0000003728 
831.6910076	1.881683719	0.0000003721 
832.4725123	1.881638257	0.0000003714 
833.254017	1.881592923	0.0000003707 
834.0355216	1.881547716	0.0000003700 
834.8170263	1.881502636	0.0000003693 
835.598531	1.881457683	0.0000003686 
836.3800357	1.881412855	0.0000003679 
837.1615404	1.881368153	0.0000003672 
837.9430451	1.881323576	0.0000003666 
838.7245498	1.881279124	0.0000003659 
839.5060544	1.881234795	0.0000003652 
840.2875591	1.88119059	0.0000003645 
841.0690638	1.881146508	0.0000003638 
841.8505685	1.881102549	0.0000003632 
842.6320732	1.881058712	0.0000003625 
843.4135779	1.881014997	0.0000003618 
844.1950825	1.880971403	0.0000003611 
844.9765872	1.88092793	0.0000003605 
845.7580919	1.880884578	0.0000003598 
846.5395966	1.880841345	0.0000003591 
847.3211013	1.880798232	0.0000003585 
848.102606	1.880755238	0.0000003578 
848.8841106	1.880712363	0.0000003572 
849.6656153	1.880669606	0.0000003565 
850.44712	1.880626966	0.0000003559 
851.2286247	1.880584444	0.0000003552 
852.0101294	1.880542039	0.0000003546 
852.7916341	1.880499751	0.0000003539 
853.5731388	1.880457578	0.0000003533 
854.3546434	1.880415521	0.0000003526 
855.1361481	1.88037358	0.0000003520 
855.9176528	1.880331753	0.0000003513 
856.6991575	1.88029004	0.0000003507 
857.4806622	1.880248442	0.0000003500 
858.2621669	1.880206957	0.0000003494 
859.0436715	1.880165585	0.0000003488 
859.8251762	1.880124326	0.0000003481 
860.6066809	1.880083179	0.0000003475 
861.3881856	1.880042144	0.0000003469 
862.1696903	1.880001221	0.0000003462 
862.951195	1.879960409	0.0000003456 
863.7326997	1.879919707	0.0000003450 
864.5142043	1.879879116	0.0000003444 
865.295709	1.879838635	0.0000003438 
866.0772137	1.879798263	0.0000003431 
866.8587184	1.879758	0.0000003425 
867.6402231	1.879717846	0.0000003419 
868.4217278	1.8796778	0.0000003413 
869.2032324	1.879637862	0.0000003407 
869.9847371	1.879598032	0.0000003401 
870.7662418	1.879558309	0.0000003394 
871.5477465	1.879518693	0.0000003388 
872.3292512	1.879479183	0.0000003382 
873.1107559	1.879439779	0.0000003376 
873.8922605	1.879400481	0.0000003370 
874.6737652	1.879361288	0.0000003364 
875.4552699	1.8793222	0.0000003358 
876.2367746	1.879283216	0.0000003352 
877.0182793	1.879244336	0.0000003346 
877.799784	1.879205561	0.0000003340 
878.5812887	1.879166888	0.0000003334 
879.3627933	1.879128319	0.0000003328 
880.144298	1.879089853	0.0000003323 
880.9258027	1.879051488	0.0000003317 
881.7073074	1.879013226	0.0000003311 
882.4888121	1.878975065	0.0000003305 
883.2703168	1.878937005	0.0000003299 
884.0518214	1.878899047	0.0000003293 
884.8333261	1.878861189	0.0000003287 
885.6148308	1.87882343	0.0000003282 
886.3963355	1.878785772	0.0000003276 
887.1778402	1.878748213	0.0000003270 
887.9593449	1.878710754	0.0000003264 
888.7408495	1.878673393	0.0000003259 
889.5223542	1.87863613	0.0000003253 
890.3038589	1.878598966	0.0000003247 
891.0853636	1.878561899	0.0000003241 
891.8668683	1.878524929	0.0000003236 
892.648373	1.878488057	0.0000003230 
893.4298777	1.878451281	0.0000003224 
894.2113823	1.878414602	0.0000003219 
894.992887	1.878378018	0.0000003213 
895.7743917	1.878341531	0.0000003208 
896.5558964	1.878305138	0.0000003202 
897.3374011	1.878268841	0.0000003196 
898.1189058	1.878232638	0.0000003191 
898.9004104	1.87819653	0.0000003185 
899.6819151	1.878160516	0.0000003180 