330.746505	2.027456522	0.009027996
331.5280097	2.026751611	0.008981225
332.3095144	2.026052163	0.008934817
333.091019	2.025358124	0.008888768
333.8725237	2.024669435	0.008843073
334.6540284	2.023986044	0.00879773
335.4355331	2.023307895	0.008752735
336.2170378	2.022634936	0.008708085
336.9985425	2.021967113	0.008663775
337.7800472	2.021304374	0.008619802
338.5615518	2.020646668	0.008576163
339.3430565	2.019993944	0.008532855
340.1245612	2.019346152	0.008489874
340.9060659	2.018703242	0.008447217
341.6875706	2.018065165	0.008404881
342.4690753	2.017431873	0.008362862
343.2505799	2.016803318	0.008321157
344.0320846	2.016179454	0.008279764
344.8135893	2.015560233	0.008238679
345.595094	2.014945609	0.008197899
346.3765987	2.014335538	0.008157421
347.1581034	2.013729974	0.008117241
347.939608	2.013128873	0.008077359
348.7211127	2.012532191	0.008037769
349.5026174	2.011939886	0.007998469
350.2841221	2.011351914	0.007959457
351.0656268	2.010768233	0.00792073
351.8471315	2.010188801	0.007882285
352.6286362	2.009613578	0.007844119
353.4101408	2.009042523	0.00780623
354.1916455	2.008475595	0.007768614
354.9731502	2.007912755	0.00773127
355.7546549	2.007353964	0.007694194
356.5361596	2.006799183	0.007657384
357.3176643	2.006248374	0.007620838
358.0991689	2.005701498	0.007584553
358.8806736	2.005158519	0.007548527
359.6621783	2.004619399	0.007512756
360.443683	2.004084103	0.007477239
361.2251877	2.003552593	0.007441974
362.0066924	2.003024835	0.007406957
362.788197	2.002500793	0.007372187
363.5697017	2.001980432	0.007337661
364.3512064	2.001463719	0.007303377
365.1327111	2.000950618	0.007269333
365.9142158	2.000441096	0.007235526
366.6957205	1.999935121	0.007201955
367.4772252	1.999432659	0.007168616
368.2587298	1.998933678	0.007135509
369.0402345	1.998438145	0.007102631
369.8217392	1.99794603	0.007069979
370.6032439	1.9974573	0.007037552
371.3847486	1.996971925	0.007005347
372.1662533	1.996489874	0.006973363
372.9477579	1.996011117	0.006941598
373.7292626	1.995535623	0.006910049
374.5107673	1.995063364	0.006878714
375.292272	1.99459431	0.006847593
376.0737767	1.994128432	0.006816682
376.8552814	1.993665702	0.00678598
377.636786	1.99320609	0.006755484
378.4182907	1.99274957	0.006725194
379.1997954	1.992296114	0.006695108
379.9813001	1.991845693	0.006665222
380.7628048	1.991398282	0.006635537
381.5443095	1.990953853	0.006606049
382.3258142	1.99051238	0.006576757
383.1073188	1.990073837	0.00654766
383.8888235	1.989638197	0.006518755
384.6703282	1.989205436	0.006490042
385.4518329	1.988775528	0.006461517
386.2333376	1.988348449	0.006433181
387.0148423	1.987924172	0.00640503
387.7963469	1.987502674	0.006377064
388.5778516	1.987083931	0.00634928
389.3593563	1.986667918	0.006321678
390.140861	1.986254612	0.006294255
390.9223657	1.98584399	0.00626701
391.7038704	1.985436028	0.006239942
392.485375	1.985030703	0.006213049
393.2668797	1.984627994	0.006186329
394.0483844	1.984227876	0.006159781
394.8298891	1.983830328	0.006133404
395.6113938	1.983435329	0.006107196
396.3928985	1.983042856	0.006081155
397.1744032	1.982652888	0.006055281
397.9559078	1.982265403	0.006029571
398.7374125	1.981880381	0.006004025
399.5189172	1.981497801	0.005978641
400.3004219	1.981117641	0.005953417
401.0819266	1.980739883	0.005928353
401.8634313	1.980364505	0.005903447
402.6449359	1.979991488	0.005878697
403.4264406	1.979620811	0.005854103
404.2079453	1.979252456	0.005829663
404.98945	1.978886403	0.005805375
405.7709547	1.978522632	0.005781239
406.5524594	1.978161126	0.005757253
407.3339641	1.977801864	0.005733416
408.1154687	1.97744483	0.005709727
408.8969734	1.977090003	0.005686184
409.6784781	1.976737367	0.005662787
410.4599828	1.976386902	0.005639533
411.2414875	1.976038592	0.005616423
412.0229922	1.975692418	0.005593455
412.8044968	1.975348364	0.005570627
413.5860015	1.975006412	0.005547938
414.3675062	1.974666544	0.005525388
415.1490109	1.974328744	0.005502975
415.9305156	1.973992996	0.005480698
416.7120203	1.973659282	0.005458556
417.4935249	1.973327587	0.005436548
418.2750296	1.972997893	0.005414673
419.0565343	1.972670185	0.00539293
419.838039	1.972344447	0.005371317
420.6195437	1.972020664	0.005349834
421.4010484	1.971698819	0.00532848
422.1825531	1.971378897	0.005307253
422.9640577	1.971060883	0.005286153
423.7455624	1.970744762	0.005265178
424.5270671	1.970430519	0.005244328
425.3085718	1.970118138	0.005223602
426.0900765	1.969807606	0.005202998
426.8715812	1.969498908	0.005182516
427.6530858	1.969192028	0.005162155
428.4345905	1.968886954	0.005141913
429.2160952	1.96858367	0.00512179
429.9975999	1.968282164	0.005101785
430.7791046	1.96798242	0.005081897
431.5606093	1.967684426	0.005062125
432.3421139	1.967388167	0.005042469
433.1236186	1.967093631	0.005022926
433.9051233	1.966800803	0.005003497
434.686628	1.966509672	0.004984181
435.4681327	1.966220223	0.004964976
436.2496374	1.965932443	0.004945882
437.0311421	1.965646321	0.004926897
437.8126467	1.965361843	0.004908022
438.5941514	1.965078996	0.004889255
439.3756561	1.964797769	0.004870596
440.1571608	1.964518149	0.004852043
440.9386655	1.964240123	0.004833596
441.7201702	1.963963679	0.004815254
442.5016748	1.963688807	0.004797016
443.2831795	1.963415493	0.004778882
444.0646842	1.963143725	0.00476085
444.8461889	1.962873493	0.004742921
445.6276936	1.962604785	0.004725092
446.4091983	1.962337589	0.004707363
447.1907029	1.962071894	0.004689735
447.9722076	1.961807689	0.004672205
448.7537123	1.961544962	0.004654773
449.535217	1.961283703	0.004637438
450.3167217	1.961023901	0.0046202
451.0982264	1.960765544	0.004603058
451.8797311	1.960508623	0.004586012
452.6612357	1.960253126	0.00456906
453.4427404	1.959999044	0.004552201
454.2242451	1.959746365	0.004535436
455.0057498	1.959495079	0.004518763
455.7872545	1.959245176	0.004502182
456.5687592	1.958996646	0.004485692
457.3502638	1.95874948	0.004469293
458.1317685	1.958503666	0.004452983
458.9132732	1.958259195	0.004436762
459.6947779	1.958016058	0.00442063
460.4762826	1.957774244	0.004404586
461.2577873	1.957533745	0.004388629
462.0392919	1.95729455	0.004372758
462.8207966	1.95705665	0.004356974
463.6023013	1.956820036	0.004341274
464.383806	1.956584698	0.00432566
465.1653107	1.956350628	0.004310129
465.9468154	1.956117816	0.004294682
466.7283201	1.955886254	0.004279318
467.5098247	1.955655932	0.004264036
468.2913294	1.955426841	0.004248836
469.0728341	1.955198974	0.004233717
469.8543388	1.95497232	0.004218679
470.6358435	1.954746872	0.00420372
471.4173482	1.954522621	0.004188841
472.1988528	1.954299558	0.004174041
472.9803575	1.954077676	0.004159319
473.7618622	1.953856965	0.004144675
474.5433669	1.953637418	0.004130108
475.3248716	1.953419026	0.004115618
476.1063763	1.953201782	0.004101204
476.8878809	1.952985677	0.004086865
477.6693856	1.952770703	0.004072602
478.4508903	1.952556852	0.004058413
479.232395	1.952344118	0.004044298
480.0138997	1.952132491	0.004030256
480.7954044	1.951921964	0.004016288
481.5769091	1.95171253	0.004002392
482.3584137	1.951504181	0.003988568
483.1399184	1.95129691	0.003974816
483.9214231	1.951090709	0.003961134
484.7029278	1.95088557	0.003947523
485.4844325	1.950681487	0.003933983
486.2659372	1.950478452	0.003920511
487.0474418	1.950276459	0.003907109
487.8289465	1.950075499	0.003893775
488.6104512	1.949875567	0.00388051
489.3919559	1.949676654	0.003867312
490.1734606	1.949478755	0.003854181
490.9549653	1.949281861	0.003841118
491.7364699	1.949085967	0.00382812
492.5179746	1.948891066	0.003815188
493.2994793	1.94869715	0.003802322
494.080984	1.948504214	0.003789521
494.8624887	1.94831225	0.003776784
495.6439934	1.948121253	0.003764111
496.4254981	1.947931216	0.003751502
497.2070027	1.947742131	0.003738957
497.9885074	1.947553994	0.003726474
498.7700121	1.947366797	0.003714053
499.5515168	1.947180534	0.003701695
500.3330215	1.9469952	0.003689398
501.1145262	1.946810788	0.003677162
501.8960308	1.946627291	0.003664987
502.6775355	1.946444704	0.003652873
503.4590402	1.946263022	0.003640818
504.2405449	1.946082237	0.003628823
505.0220496	1.945902344	0.003616887
505.8035543	1.945723337	0.00360501
506.5850589	1.94554521	0.003593191
507.3665636	1.945367958	0.003581431
508.1480683	1.945191574	0.003569728
508.929573	1.945016054	0.003558082
509.7110777	1.944841392	0.003546493
510.4925824	1.944667581	0.003534961
511.2740871	1.944494617	0.003523484
512.0555917	1.944322493	0.003512064
512.8370964	1.944151205	0.003500699
513.6186011	1.943980747	0.003489389
514.4001058	1.943811114	0.003478134
515.1816105	1.943642301	0.003466933
515.9631152	1.943474301	0.003455787
516.7446198	1.94330711	0.003444694
517.5261245	1.943140723	0.003433654
518.3076292	1.942975135	0.003422667
519.0891339	1.94281034	0.003411733
519.8706386	1.942646334	0.003400851
520.6521433	1.942483111	0.003390021
521.433648	1.942320666	0.003379243
522.2151526	1.942158995	0.003368516
522.9966573	1.941998093	0.00335784
523.778162	1.941837954	0.003347215
524.5596667	1.941678574	0.00333664
525.3411714	1.941519948	0.003326116
526.1226761	1.941362072	0.00331564
526.9041807	1.94120494	0.003305215
527.6856854	1.941048548	0.003294838
528.4671901	1.940892891	0.00328451
529.2486948	1.940737965	0.003274231
530.0301995	1.940583766	0.003264
530.8117042	1.940430288	0.003253817
531.5932088	1.940277527	0.003243681
532.3747135	1.940125479	0.003233593
533.1562182	1.939974139	0.003223551
533.9377229	1.939823502	0.003213557
534.7192276	1.939673566	0.003203608
535.5007323	1.939524324	0.003193706
536.282237	1.939375774	0.00318385
537.0637416	1.93922791	0.003174039
537.8452463	1.939080728	0.003164274
538.626751	1.938934225	0.003154553
539.4082557	1.938788395	0.003144877
540.1897604	1.938643236	0.003135246
540.9712651	1.938498742	0.003125659
541.7527697	1.93835491	0.003116116
542.5342744	1.938211736	0.003106616
543.3157791	1.938069216	0.00309716
544.0972838	1.937927345	0.003087747
544.8787885	1.93778612	0.003078377
545.6602932	1.937645537	0.003069049
546.4417978	1.937505592	0.003059764
547.2233025	1.937366281	0.00305052
548.0048072	1.9372276	0.003041319
548.7863119	1.937089546	0.003032159
549.5678166	1.936952115	0.00302304
550.3493213	1.936815302	0.003013963
551.130826	1.936679105	0.003004926
551.9123306	1.93654352	0.00299593
552.6938353	1.936408543	0.002986974
553.47534	1.936274169	0.002978059
554.2568447	1.936140397	0.002969183
555.0383494	1.936007222	0.002960347
555.8198541	1.93587464	0.00295155
556.6013587	1.935742649	0.002942793
557.3828634	1.935611244	0.002934074
558.1643681	1.935480422	0.002925394
558.9458728	1.935350179	0.002916752
559.7273775	1.935220514	0.002908149
560.5088822	1.93509142	0.002899584
561.2903868	1.934962897	0.002891056
562.0718915	1.934834939	0.002882566
562.8533962	1.934707545	0.002874113
563.6349009	1.93458071	0.002865698
564.4164056	1.934454431	0.002857319
565.1979103	1.934328705	0.002848978
565.979415	1.934203529	0.002840672
566.7609196	1.934078899	0.002832403
567.5424243	1.933954813	0.00282417
568.323929	1.933831267	0.002815973
569.1054337	1.933708258	0.002807811
569.8869384	1.933585784	0.002799685
570.6684431	1.93346384	0.002791594
571.4499477	1.933342424	0.002783538
572.2314524	1.933221533	0.002775517
573.0129571	1.933101163	0.00276753
573.7944618	1.932981313	0.002759578
574.5759665	1.932861978	0.00275166
575.3574712	1.932743156	0.002743777
576.1389758	1.932624844	0.002735927
576.9204805	1.932507039	0.00272811
577.7019852	1.932389738	0.002720327
578.4834899	1.932272939	0.002712578
579.2649946	1.932156637	0.002704861
580.0464993	1.932040832	0.002697177
580.828004	1.931925519	0.002689526
581.6095086	1.931810696	0.002681908
582.3910133	1.93169636	0.002674322
583.172518	1.931582509	0.002666768
583.9540227	1.931469139	0.002659246
584.7355274	1.931356249	0.002651755
585.5170321	1.931243835	0.002644297
586.2985367	1.931131894	0.00263687
587.0800414	1.931020424	0.002629474
587.8615461	1.930909423	0.002622109
588.6430508	1.930798887	0.002614775
589.4245555	1.930688815	0.002607471
590.2060602	1.930579202	0.002600199
590.9875648	1.930470048	0.002592956
591.7690695	1.93036135	0.002585744
592.5505742	1.930253104	0.002578562
593.3320789	1.930145308	0.00257141
594.1135836	1.930037961	0.002564287
594.8950883	1.929931059	0.002557194
595.676593	1.929824599	0.002550131
596.4580976	1.929718581	0.002543096
597.2396023	1.929613	0.002536091
598.021107	1.929507855	0.002529115
598.8026117	1.929403143	0.002522167
599.5841164	1.929298862	0.002515248
600.3656211	1.92919501	0.002508358
601.1471257	1.929091583	0.002501495
601.9286304	1.928988581	0.002494661
602.7101351	1.928886	0.002487855
603.4916398	1.928783839	0.002481076
604.2731445	1.928682094	0.002474326
605.0546492	1.928580764	0.002467602
605.8361538	1.928479847	0.002460907
606.6176585	1.928379339	0.002454238
607.3991632	1.92827924	0.002447596
608.1806679	1.928179546	0.002440982
608.9621726	1.928080256	0.002434394
609.7436773	1.927981368	0.002427833
610.525182	1.927882879	0.002421298
611.3066866	1.927784786	0.002414789
612.0881913	1.927687089	0.002408307
612.869696	1.927589785	0.002401851
613.6512007	1.927492871	0.002395421
614.4327054	1.927396346	0.002389016
615.2142101	1.927300208	0.002382638
615.9957147	1.927204454	0.002376284
616.7772194	1.927109083	0.002369957
617.5587241	1.927014092	0.002363654
618.3402288	1.926919479	0.002357376
619.1217335	1.926825243	0.002351124
619.9032382	1.926731382	0.002344896
620.6847428	1.926637893	0.002338693
621.4662475	1.926544774	0.002332515
622.2477522	1.926452024	0.002326361
623.0292569	1.92635964	0.002320231
623.8107616	1.926267621	0.002314126
624.5922663	1.926175965	0.002308044
625.373771	1.926084669	0.002301987
626.1552756	1.925993733	0.002295953
626.9367803	1.925903153	0.002289943
627.718285	1.925812929	0.002283957
628.4997897	1.925723058	0.002277994
629.2812944	1.925633539	0.002272054
630.0627991	1.925544369	0.002266138
630.8443037	1.925455547	0.002260245
631.6258084	1.925367071	0.002254374
632.4073131	1.92527894	0.002248527
633.1888178	1.92519115	0.002242702
633.9703225	1.925103702	0.0022369
634.7518272	1.925016592	0.00223112
635.5333319	1.92492982	0.002225363
636.3148365	1.924843383	0.002219628
637.0963412	1.92475728	0.002213915
637.8778459	1.924671508	0.002208224
638.6593506	1.924586068	0.002202555
639.4408553	1.924500955	0.002196908
640.22236	1.92441617	0.002191282
641.0038646	1.924331709	0.002185678
641.7853693	1.924247573	0.002180096
642.566874	1.924163758	0.002174535
643.3483787	1.924080264	0.002168995
644.1298834	1.923997088	0.002163476
644.9113881	1.923914229	0.002157978
645.6928927	1.923831686	0.002152502
646.4743974	1.923749457	0.002147046
647.2559021	1.923667539	0.002141611
648.0374068	1.923585933	0.002136196
648.8189115	1.923504635	0.002130802
649.6004162	1.923423645	0.002125428
650.3819209	1.923342961	0.002120075
651.1634255	1.923262582	0.002114742
651.9449302	1.923182505	0.002109429
652.7264349	1.92310273	0.002104136
653.5079396	1.923023255	0.002098862
654.2894443	1.922944078	0.002093609
655.070949	1.922865198	0.002088375
655.8524536	1.922786614	0.002083161
656.6339583	1.922708323	0.002077967
657.415463	1.922630325	0.002072792
658.1969677	1.922552618	0.002067636
658.9784724	1.9224752	0.002062499
659.7599771	1.922398071	0.002057381
660.5414817	1.922321228	0.002052283
661.3229864	1.92224467	0.002047203
662.1044911	1.922168397	0.002042143
662.8859958	1.922092406	0.002037101
663.6675005	1.922016696	0.002032077
664.4490052	1.921941265	0.002027073
665.2305099	1.921866113	0.002022086
666.0120145	1.921791238	0.002017118
666.7935192	1.921716639	0.002012169
667.5750239	1.921642314	0.002007237
668.3565286	1.921568261	0.002002324
669.1380333	1.921494481	0.001997428
669.919538	1.92142097	0.001992551
670.7010426	1.921347729	0.001987691
671.4825473	1.921274755	0.00198285
672.264052	1.921202047	0.001978025
673.0455567	1.921129604	0.001973219
673.8270614	1.921057426	0.00196843
674.6085661	1.920985509	0.001963658
675.3900707	1.920913854	0.001958904
676.1715754	1.920842458	0.001954167
676.9530801	1.920771322	0.001949447
677.7345848	1.920700443	0.001944744
678.5160895	1.920629819	0.001940058
679.2975942	1.920559451	0.001935389
680.0790989	1.920489337	0.001930737
680.8606035	1.920419475	0.001926102
681.6421082	1.920349864	0.001921483
682.4236129	1.920280504	0.001916881
683.2051176	1.920211392	0.001912296
683.9866223	1.920142528	0.001907727
684.768127	1.920073911	0.001903174
685.5496316	1.920005538	0.001898637
686.3311363	1.91993741	0.001894117
687.112641	1.919869526	0.001889613
687.8941457	1.919801882	0.001885125
688.6756504	1.91973448	0.001880653
689.4571551	1.919667317	0.001876196
690.2386597	1.919600393	0.001871756
691.0201644	1.919533706	0.001867331
691.8016691	1.919467255	0.001862922
692.5831738	1.919401039	0.001858529
693.3646785	1.919335057	0.001854151
694.1461832	1.919269308	0.001849788
694.9276879	1.919203791	0.001845441
695.7091925	1.919138504	0.00184111
696.4906972	1.919073447	0.001836793
697.2722019	1.919008619	0.001832492
698.0537066	1.918944018	0.001828206
698.8352113	1.918879643	0.001823934
699.616716	1.918815494	0.001819678
700.3982206	1.918751569	0.001815437
701.1797253	1.918687868	0.00181121
701.96123	1.918624388	0.001806998
702.7427347	1.91856113	0.001802801
703.5242394	1.918498091	0.001798618
704.3057441	1.918435272	0.00179445
705.0872487	1.918372671	0.001790297
705.8687534	1.918310287	0.001786158
706.6502581	1.91824812	0.001782033
707.4317628	1.918186167	0.001777922
708.2132675	1.918124428	0.001773826
708.9947722	1.918062903	0.001769744
709.7762769	1.91800159	0.001765676
710.5577815	1.917940488	0.001761621
711.3392862	1.917879596	0.001757581
712.1207909	1.917818913	0.001753555
712.9022956	1.917758439	0.001749542
713.6838003	1.917698171	0.001745544
714.465305	1.917638111	0.001741559
715.2468096	1.917578255	0.001737587
716.0283143	1.917518605	0.00173363
716.809819	1.917459157	0.001729685
717.5913237	1.917399913	0.001725754
718.3728284	1.91734087	0.001721837
719.1543331	1.917282028	0.001717933
719.9358377	1.917223386	0.001714042
720.7173424	1.917164943	0.001710164
721.4988471	1.917106698	0.0017063
722.2803518	1.91704865	0.001702448
723.0618565	1.916990799	0.00169861
723.8433612	1.916933143	0.001694784
724.6248659	1.916875681	0.001690972
725.4063705	1.916818413	0.001687172
726.1878752	1.916761338	0.001683385
726.9693799	1.916704455	0.001679611
727.7508846	1.916647763	0.001675849
728.5323893	1.916591262	0.0016721
729.313894	1.916534949	0.001668364
730.0953986	1.916478825	0.00166464
730.8769033	1.916422889	0.001660929
731.658408	1.91636714	0.00165723
732.4399127	1.916311577	0.001653543
733.2214174	1.916256199	0.001649869
734.0029221	1.916201005	0.001646207
734.7844267	1.916145995	0.001642557
735.5659314	1.916091168	0.001638919
736.3474361	1.916036522	0.001635294
737.1289408	1.915982058	0.00163168
737.9104455	1.915927774	0.001628078
738.6919502	1.91587367	0.001624488
739.4734549	1.915819744	0.00162091
740.2549595	1.915765996	0.001617344
741.0364642	1.915712426	0.00161379
741.8179689	1.915659032	0.001610247
742.5994736	1.915605813	0.001606716
743.3809783	1.91555277	0.001603197
744.162483	1.9154999	0.001599689
744.9439876	1.915447204	0.001596192
745.7254923	1.91539468	0.001592707
746.506997	1.915342328	0.001589234
747.2885017	1.915290148	0.001585772
748.0700064	1.915238137	0.001582321
748.8515111	1.915186296	0.001578881
749.6330158	1.915134624	0.001575453
750.4145204	1.915083121	0.001572035
751.1960251	1.915031784	0.001568629
751.9775298	1.914980614	0.001565234
752.7590345	1.914929611	0.00156185
753.5405392	1.914878772	0.001558477
754.3220439	1.914828098	0.001555115
755.1035485	1.914777588	0.001551763
755.8850532	1.91472724	0.001548423
756.6665579	1.914677056	0.001545093
757.4480626	1.914627033	0.001541774
758.2295673	1.914577171	0.001538466
759.011072	1.914527469	0.001535168
759.7925766	1.914477927	0.001531881
760.5740813	1.914428544	0.001528604
761.355586	1.914379319	0.001525338
762.1370907	1.914330251	0.001522083
762.9185954	1.914281341	0.001518838
763.7001001	1.914232587	0.001515603
764.4816048	1.914183988	0.001512378
765.2631094	1.914135545	0.001509164
766.0446141	1.914087255	0.00150596
766.8261188	1.91403912	0.001502766
767.6076235	1.913991137	0.001499583
768.3891282	1.913943307	0.001496409
769.1706329	1.913895628	0.001493245
769.9521375	1.9138481	0.001490092
770.7336422	1.913800723	0.001486949
771.5151469	1.913753495	0.001483815
772.2966516	1.913706417	0.001480691
773.0781563	1.913659487	0.001477578
773.859661	1.913612705	0.001474474
774.6411656	1.91356607	0.001471379
775.4226703	1.913519582	0.001468295
776.204175	1.91347324	0.00146522
776.9856797	1.913427043	0.001462155
777.7671844	1.913380991	0.001459099
778.5486891	1.913335083	0.001456053
779.3301938	1.913289319	0.001453017
780.1116984	1.913243698	0.00144999
780.8932031	1.91319822	0.001446973
781.6747078	1.913152883	0.001443964
782.4562125	1.913107687	0.001440966
783.2377172	1.913062632	0.001437976
784.0192219	1.913017717	0.001434996
784.8007265	1.912972942	0.001432025
785.5822312	1.912928305	0.001429064
786.3637359	1.912883807	0.001426111
787.1452406	1.912839447	0.001423168
787.9267453	1.912795223	0.001420234
788.70825	1.912751137	0.001417309
789.4897546	1.912707186	0.001414393
790.2712593	1.912663371	0.001411485
791.052764	1.912619691	0.001408587
791.8342687	1.912576145	0.001405698
792.6157734	1.912532733	0.001402818
793.3972781	1.912489455	0.001399946
794.1787828	1.912446309	0.001397083
794.9602874	1.912403295	0.001394229
795.7417921	1.912360413	0.001391384
796.5232968	1.912317662	0.001388548
797.3048015	1.912275042	0.00138572
798.0863062	1.912232552	0.001382901
798.8678109	1.912190191	0.00138009
799.6493155	1.91214796	0.001377288
800.4308202	1.912105857	0.001374494
801.2123249	1.912063881	0.001371709
801.9938296	1.912022034	0.001368933
802.7753343	1.911980313	0.001366165
803.556839	1.911938718	0.001363405
804.3383436	1.91189725	0.001360653
805.1198483	1.911855907	0.00135791
805.901353	1.911814689	0.001355175
806.6828577	1.911773595	0.001352449
807.4643624	1.911732625	0.001349731
808.2458671	1.911691779	0.00134702
809.0273718	1.911651055	0.001344318
809.8088764	1.911610454	0.001341625
810.5903811	1.911569975	0.001338939
811.3718858	1.911529617	0.001336261
812.1533905	1.91148938	0.001333591
812.9348952	1.911449263	0.00133093
813.7163999	1.911409267	0.001328276
814.4979045	1.91136939	0.00132563
815.2794092	1.911329632	0.001322992
816.0609139	1.911289993	0.001320362
816.8424186	1.911250472	0.00131774
817.6239233	1.911211068	0.001315125
818.405428	1.911171781	0.001312519
819.1869326	1.911132612	0.00130992
819.9684373	1.911093558	0.001307329
820.749942	1.91105462	0.001304745
821.5314467	1.911015798	0.001302169
822.3129514	1.91097709	0.001299601
823.0944561	1.910938497	0.00129704
823.8759608	1.910900018	0.001294487
824.6574654	1.910861652	0.001291942
825.4389701	1.910823399	0.001289404
826.2204748	1.910785259	0.001286873
827.0019795	1.910747231	0.00128435
827.7834842	1.910709315	0.001281834
828.5649889	1.91067151	0.001279326
829.3464935	1.910633816	0.001276825
830.1279982	1.910596232	0.001274331
830.9095029	1.910558758	0.001271845
831.6910076	1.910521394	0.001269366
832.4725123	1.910484139	0.001266894
833.254017	1.910446993	0.001264429
834.0355216	1.910409955	0.001261972
834.8170263	1.910373025	0.001259521
835.598531	1.910336203	0.001257078
836.3800357	1.910299487	0.001254642
837.1615404	1.910262878	0.001252213
837.9430451	1.910226375	0.001249791
838.7245498	1.910189978	0.001247376
839.5060544	1.910153687	0.001244968
840.2875591	1.9101175	0.001242567
841.0690638	1.910081418	0.001240173
841.8505685	1.91004544	0.001237786
842.6320732	1.910009566	0.001235406
843.4135779	1.909973796	0.001233032
844.1950825	1.909938128	0.001230666
844.9765872	1.909902563	0.001228306
845.7580919	1.9098671	0.001225953
846.5395966	1.909831739	0.001223607
847.3211013	1.909796479	0.001221268
848.102606	1.909761321	0.001218935
848.8841106	1.909726263	0.001216609
849.6656153	1.909691305	0.001214289
850.44712	1.909656447	0.001211976
851.2286247	1.909621689	0.00120967
852.0101294	1.909587029	0.001207371
852.7916341	1.909552469	0.001205077
853.5731388	1.909518007	0.001202791
854.3546434	1.909483643	0.001200511
855.1361481	1.909449376	0.001198237
855.9176528	1.909415207	0.00119597
856.6991575	1.909381134	0.001193709
857.4806622	1.909347158	0.001191455
858.2621669	1.909313279	0.001189207
859.0436715	1.909279495	0.001186966
859.8251762	1.909245806	0.00118473
860.6066809	1.909212213	0.001182502
861.3881856	1.909178714	0.001180279
862.1696903	1.90914531	0.001178062
862.951195	1.909111999	0.001175852
863.7326997	1.909078782	0.001173648
864.5142043	1.909045659	0.001171451
865.295709	1.909012629	0.001169259
866.0772137	1.908979691	0.001167074
866.8587184	1.908946845	0.001164894
867.6402231	1.908914091	0.001162721
868.4217278	1.908881429	0.001160554
869.2032324	1.908848858	0.001158393
869.9847371	1.908816378	0.001156238
870.7662418	1.908783989	0.001154089
871.5477465	1.90875169	0.001151946
872.3292512	1.90871948	0.001149809
873.1107559	1.90868736	0.001147678
873.8922605	1.90865533	0.001145552
874.6737652	1.908623388	0.001143433
875.4552699	1.908591535	0.00114132
876.2367746	1.90855977	0.001139212
877.0182793	1.908528093	0.00113711
877.799784	1.908496504	0.001135014
878.5812887	1.908465002	0.001132924
879.3627933	1.908433586	0.00113084
880.144298	1.908402258	0.001128761
880.9258027	1.908371015	0.001126688
881.7073074	1.908339859	0.001124621
882.4888121	1.908308788	0.001122559
883.2703168	1.908277803	0.001120504
884.0518214	1.908246903	0.001118453
884.8333261	1.908216087	0.001116409
885.6148308	1.908185356	0.00111437
886.3963355	1.908154709	0.001112336
887.1778402	1.908124146	0.001110308
887.9593449	1.908093666	0.001108286
888.7408495	1.90806327	0.001106269
889.5223542	1.908032956	0.001104258
890.3038589	1.908002725	0.001102252
891.0853636	1.907972577	0.001100252
891.8668683	1.90794251	0.001098257
892.648373	1.907912525	0.001096267
893.4298777	1.907882621	0.001094283
894.2113823	1.907852799	0.001092305
894.992887	1.907823057	0.001090331
895.7743917	1.907793396	0.001088363
896.5558964	1.907763815	0.001086401
897.3374011	1.907734314	0.001084443
898.1189058	1.907704893	0.001082491
898.9004104	1.907675551	0.001080544
899.6819151	1.907646288	0.001078603