380	1.591	0.058173 
381	1.593	0.064698 
382	1.628	0.066127 
383	1.624	0.065508 
384	1.594	0.068569 
385	1.593	0.068397 
386	1.617	0.068824 
387	1.617	0.063172 
388	1.608	0.068606 
389	1.606	0.067394 
390	1.611	0.072510 
391	1.614	0.072388 
392	1.605	0.069332 
393	1.600	0.073682 
394	1.595	0.073011 
395	1.592	0.073858 
396	1.592	0.072589 
397	1.592	0.078085 
398	1.593	0.075707 
399	1.593	0.075318 
400	1.590	0.082705 
401	1.588	0.080174 
402	1.586	0.077098 
403	1.584	0.081751 
404	1.584	0.078744 
405	1.581	0.080359 
406	1.577	0.075570 
407	1.576	0.081227 
408	1.574	0.081469 
409	1.572	0.078294 
410	1.571	0.082709 
411	1.572	0.088486 
412	1.572	0.085899 
413	1.572	0.084703 
414	1.572	0.084361 
415	1.572	0.089504 
416	1.572	0.085084 
417	1.571	0.083830 
418	1.570	0.087127 
419	1.569	0.089446 
420	1.569	0.090362 
421	1.568	0.091717 
422	1.567	0.090800 
423	1.567	0.089728 
424	1.566	0.092097 
425	1.565	0.090510 
426	1.565	0.089621 
427	1.565	0.088201 
428	1.565	0.088901 
429	1.564	0.091967 
430	1.564	0.092409 
431	1.563	0.091292 
432	1.564	0.091058 
433	1.564	0.091317 
434	1.564	0.091880 
435	1.564	0.088047 
436	1.564	0.089471 
437	1.564	0.090536 
438	1.564	0.087285 
439	1.564	0.085998 
440	1.565	0.086015 
441	1.565	0.086451 
442	1.565	0.085592 
443	1.565	0.084120 
444	1.566	0.083980 
445	1.566	0.083274 
446	1.566	0.082112 
447	1.566	0.080688 
448	1.567	0.080402 
449	1.568	0.081028 
450	1.569	0.080065 
451	1.570	0.079656 
452	1.570	0.079518 
453	1.570	0.079160 
454	1.572	0.078273 
455	1.572	0.077663 
456	1.574	0.076777 
457	1.574	0.075691 
458	1.575	0.074305 
459	1.577	0.072809 
460	1.578	0.071880 
461	1.579	0.070110 
462	1.580	0.068277 
463	1.581	0.066410 
464	1.582	0.064277 
465	1.584	0.062255 
466	1.585	0.059953 
467	1.586	0.057571 
468	1.587	0.055257 
469	1.588	0.052587 
470	1.589	0.049981 
471	1.590	0.047569 
472	1.591	0.044699 
473	1.592	0.042047 
474	1.592	0.039572 
475	1.593	0.036953 
476	1.593	0.034396 
477	1.594	0.031909 
478	1.594	0.029475 
479	1.594	0.027201 
480	1.594	0.024983 
481	1.594	0.022976 
482	1.594	0.020932 
483	1.595	0.018955 
484	1.595	0.017271 
485	1.596	0.015653 
486	1.596	0.014074 
487	1.596	0.012655 
488	1.597	0.011365 
489	1.598	0.010183 
490	1.598	0.009123 
491	1.599	0.008185 
492	1.600	0.007339 
493	1.601	0.006640 
494	1.601	0.005950 
495	1.602	0.005310 
496	1.603	0.004831 
497	1.604	0.004400 
498	1.605	0.003966 
499	1.606	0.003602 
500	1.607	0.003293 
501	1.608	0.003039 
502	1.609	0.002768 
503	1.611	0.002485 
504	1.612	0.002200 
505	1.613	0.001988 
506	1.615	0.001713 
507	1.616	0.001419 
508	1.618	0.001212 
509	1.620	0.001073 
510	1.621	0.000852 
511	1.623	0.000603 
512	1.625	0.000446 
513	1.627	0.000119 
514	1.628	0.000012 
515	1.630	0.000000 
516	1.631	0.000000 
517	1.632	0.000000 
518	1.634	0.000000 
519	1.635	0.000000 
520	1.636	0.000000 
521	1.637	0.000000 
522	1.638	0.000000 
523	1.639	0.000000 
524	1.640	0.000000 
525	1.641	0.000000 
526	1.641	0.000000 
527	1.642	0.000000 
528	1.643	0.000000 
529	1.644	0.000000 
530	1.644	0.000000 
531	1.645	0.000000 
532	1.646	0.000000 
533	1.647	0.000000 
534	1.648	0.000000 
535	1.649	0.000000 
536	1.651	0.000000 
537	1.652	0.000000 
538	1.654	0.000000 
539	1.656	0.000000 
540	1.658	0.000000 
541	1.660	0.000000 
542	1.663	0.000000 
543	1.665	0.000000 
544	1.668	0.000000 
545	1.671	0.000000 
546	1.674	0.000008 
547	1.678	0.000120 
548	1.681	0.000394 
549	1.685	0.000372 
550	1.689	0.000515 
551	1.693	0.000673 
552	1.697	0.000791 
553	1.701	0.000964 
554	1.705	0.001105 
555	1.709	0.001298 
556	1.713	0.001462 
557	1.717	0.001653 
558	1.722	0.001813 
559	1.727	0.001958 
560	1.731	0.002188 
561	1.736	0.002396 
562	1.741	0.002627 
563	1.747	0.002892 
564	1.752	0.003140 
565	1.758	0.003451 
566	1.763	0.003695 
567	1.769	0.004050 
568	1.775	0.004344 
569	1.780	0.004626 
570	1.786	0.005058 
571	1.791	0.005458 
572	1.796	0.005865 
573	1.800	0.006262 
574	1.803	0.006710 
575	1.805	0.007319 
576	1.805	0.007751 
577	1.804	0.008246 
578	1.801	0.008901 
579	1.797	0.009620 
580	1.791	0.010325 
581	1.785	0.011134 
582	1.778	0.011838 
583	1.773	0.012583 
584	1.769	0.013411 
585	1.768	0.014247 
586	1.770	0.015094 
587	1.776	0.016013 
588	1.786	0.016887 
589	1.798	0.017763 
590	1.813	0.018772 
591	1.830	0.019715 
592	1.846	0.020807 
593	1.860	0.022039 
594	1.871	0.023337 
595	1.877	0.024740 
596	1.878	0.026242 
597	1.873	0.027949 
598	1.862	0.029868 
599	1.844	0.031785 
600	1.821	0.033985 
601	1.794	0.036235 
602	1.764	0.038717 
603	1.732	0.041244 
604	1.699	0.043932 
605	1.667	0.046749 
606	1.638	0.049626 
607	1.612	0.052584 
608	1.590	0.055550 
609	1.574	0.058566 
610	1.563	0.061576 
611	1.557	0.064708 
612	1.558	0.067803 
613	1.564	0.071004 
614	1.574	0.074027 
615	1.589	0.077083 
616	1.607	0.080049 
617	1.628	0.083349 
618	1.651	0.086088 
619	1.675	0.089055 
620	1.699	0.092166 
621	1.723	0.094714 
622	1.747	0.097591 
623	1.769	0.100147 
624	1.790	0.102641 
625	1.809	0.105290 
626	1.826	0.107626 
627	1.841	0.109926 
628	1.854	0.112138 
629	1.864	0.114192 
630	1.871	0.116268 
631	1.876	0.118455 
632	1.879	0.120262 
633	1.879	0.122391 
634	1.876	0.123936 
635	1.871	0.125503 
636	1.864	0.126915 
637	1.855	0.129323 
638	1.844	0.130380 
639	1.831	0.132363 
640	1.816	0.133881 
641	1.800	0.135210 
642	1.783	0.137863 
643	1.766	0.139453 
644	1.747	0.139940 
645	1.728	0.142114 
646	1.709	0.144379 
647	1.690	0.145104 
648	1.671	0.146586 
649	1.652	0.149145 
650	1.634	0.150712 
651	1.617	0.150926 
652	1.601	0.152762 
653	1.586	0.155119 
654	1.572	0.156615 
655	1.560	0.156226 
656	1.549	0.158063 
657	1.539	0.158609 
658	1.532	0.161458 
659	1.527	0.159690 
660	1.523	0.161724 
661	1.521	0.161719 
662	1.522	0.161681 
663	1.524	0.161321 
664	1.528	0.159121 
665	1.534	0.159824 
666	1.541	0.158937 
667	1.550	0.157032 
668	1.560	0.156663 
669	1.572	0.154449 
670	1.584	0.152598 
671	1.597	0.150593 
672	1.611	0.148438 
673	1.625	0.146640 
674	1.639	0.144060 
675	1.654	0.141858 
676	1.669	0.139421 
677	1.683	0.136647 
678	1.697	0.134059 
679	1.711	0.131161 
680	1.724	0.128718 
681	1.737	0.126557 
682	1.749	0.123681 
683	1.761	0.120591 
684	1.771	0.118141 
685	1.781	0.115566 
686	1.790	0.112889 
687	1.798	0.110630 
688	1.805	0.108272 
689	1.810	0.105813 
690	1.815	0.103802 
691	1.819	0.101663 
692	1.822	0.099416 
693	1.823	0.097513 
694	1.824	0.095891 
695	1.823	0.093810 
696	1.821	0.092182 
697	1.819	0.090440 
698	1.815	0.088843 
699	1.810	0.087611 
700	1.805	0.086042 
701	1.799	0.084985 
702	1.792	0.083684 
703	1.784	0.082686 
704	1.775	0.081462 
705	1.766	0.080592 
706	1.756	0.080004 
707	1.745	0.079317 
708	1.735	0.078801 
709	1.723	0.078001 
710	1.712	0.077300 
711	1.700	0.076795 
712	1.689	0.076867 
713	1.677	0.076781 
714	1.664	0.076479 
715	1.652	0.076297 
716	1.640	0.076305 
717	1.628	0.076411 
718	1.616	0.076169 
719	1.605	0.076311 
720	1.594	0.076788 
721	1.583	0.076886 
722	1.574	0.077135 
723	1.564	0.077326 
724	1.555	0.077471 
725	1.547	0.077941 
726	1.539	0.078368 
727	1.532	0.078613 
728	1.527	0.079063 
729	1.522	0.079248 
730	1.518	0.079541 
731	1.515	0.079985 
732	1.513	0.080211 
733	1.511	0.080543 
734	1.512	0.080538 
735	1.513	0.080341 
736	1.515	0.080338 
737	1.518	0.080007 
738	1.520	0.080125 
739	1.524	0.079819 
740	1.528	0.079349 
741	1.533	0.078606 
742	1.540	0.078034 
743	1.548	0.077440 
744	1.554	0.076653 
745	1.563	0.075562 
746	1.572	0.074749 
747	1.580	0.073795 
748	1.589	0.072525 
749	1.600	0.070946 
750	1.608	0.069615 
751	1.619	0.069328 
752	1.628	0.067592 
753	1.638	0.065864 
754	1.648	0.064621 
755	1.658	0.063195 
756	1.669	0.061319 
757	1.678	0.060486 
758	1.687	0.058999 
759	1.695	0.057036 
760	1.704	0.055866 
761	1.712	0.054355 
762	1.719	0.053078 
763	1.726	0.052206 
764	1.732	0.050893 
765	1.737	0.049888 
766	1.744	0.048566 
767	1.748	0.047305 
768	1.753	0.045674 
769	1.758	0.044746 
770	1.762	0.044143 
771	1.767	0.042869 
772	1.771	0.041843 
773	1.774	0.041697 
774	1.778	0.040682 
775	1.783	0.039693 
776	1.783	0.038741 
777	1.783	0.037781 
778	1.786	0.037356 
779	1.788	0.036339 
780	1.788	0.035608 