226.076263	1.190343	1.096289
227.672363	1.188528	1.101484
229.268463	1.186753	1.106461
230.864594	1.184955	1.111367
232.460739	1.183112	1.116306
234.056915	1.181223	1.121359
235.653107	1.179298	1.126587
237.249313	1.177357	1.132037
238.845535	1.175429	1.137744
240.441772	1.173546	1.143731
242.03801	1.171744	1.150007
243.634308	1.170051	1.15657
245.23056	1.16849	1.163416
246.826874	1.167085	1.170542
248.423187	1.165859	1.177939
250.019531	1.164835	1.185598
251.615875	1.164037	1.193504
253.212234	1.163486	1.201643
254.808594	1.163208	1.209995
256.404968	1.163229	1.218532
258.001404	1.163571	1.227211
259.597809	1.164231	1.235986
261.194214	1.165202	1.244822
262.790649	1.166472	1.253689
264.387085	1.168027	1.26256
265.983551	1.169853	1.271416
267.580017	1.171934	1.280235
269.176483	1.174255	1.289003
270.77298	1.1768	1.297705
272.369446	1.179554	1.306329
273.965973	1.182501	1.314865
275.562469	1.185627	1.323301
277.158997	1.188915	1.33163
278.755524	1.192346	1.339843
280.352081	1.195904	1.347937
281.948608	1.199571	1.355909
283.545135	1.203331	1.363757
285.141693	1.207165	1.371482
286.738251	1.211057	1.379085
288.334839	1.214991	1.386571
289.931396	1.218948	1.393944
291.527985	1.222912	1.401211
293.124573	1.226861	1.408383
294.72113	1.230774	1.415477
296.317719	1.234632	1.422527
297.914307	1.238442	1.42957
299.510895	1.242216	1.436629
301.107483	1.245968	1.443724
302.704071	1.249716	1.450869
304.30069	1.253476	1.458075
305.897278	1.257267	1.465348
307.493866	1.261108	1.472693
309.090485	1.265015	1.480112
310.687073	1.26901	1.487605
312.283661	1.273109	1.495168
313.88028	1.277334	1.502795
315.476868	1.281703	1.510478
317.073456	1.28624	1.518206
318.670044	1.290969	1.525959
320.266632	1.295909	1.533699
321.86322	1.301055	1.54139
323.459808	1.3064	1.549005
325.056396	1.31193	1.556521
326.652954	1.317633	1.563921
328.249542	1.323494	1.57119
329.84613	1.329501	1.578316
331.442688	1.335638	1.585289
333.039246	1.341891	1.592101
334.635773	1.348247	1.598746
336.23233	1.35469	1.605219
337.828857	1.361209	1.611516
339.425385	1.367788	1.617635
341.021912	1.374416	1.623575
342.618439	1.38108	1.629335
344.214935	1.387766	1.634917
345.811462	1.394462	1.640321
347.407928	1.401155	1.645553
349.004425	1.407836	1.650619
350.600891	1.414497	1.655524
352.197357	1.421131	1.660273
353.793793	1.427731	1.664872
355.390259	1.434292	1.669324
356.986664	1.440808	1.673635
358.583099	1.447274	1.677809
360.179504	1.453685	1.68185
361.775909	1.460035	1.685763
363.372284	1.466322	1.689551
364.968658	1.472539	1.693221
366.565002	1.478682	1.696775
368.161346	1.484748	1.700218
369.75766	1.490732	1.703555
371.353973	1.49663	1.70679
372.950287	1.502438	1.709929
374.54657	1.508152	1.712976
376.142853	1.513766	1.715937
377.739075	1.519277	1.718817
379.335327	1.524679	1.721623
380.931549	1.529966	1.724364
382.527771	1.535135	1.727054
384.123932	1.540188	1.729703
385.720093	1.545128	1.732321
387.316223	1.549959	1.734915
388.912384	1.554684	1.737493
390.508484	1.559307	1.740061
392.104553	1.563832	1.742624
393.700623	1.568263	1.745187
395.296692	1.572604	1.747754
396.892731	1.576859	1.75033
398.488708	1.581033	1.752917
400.084717	1.585129	1.75552
401.680695	1.589152	1.75814
403.276642	1.593106	1.76078
404.872559	1.596995	1.763443
406.468445	1.600823	1.766129
408.064331	1.604594	1.768841
409.660156	1.608311	1.77158
411.256012	1.61198	1.774346
412.851807	1.615604	1.77714
414.447571	1.619187	1.779964
416.043304	1.622732	1.782816
417.639069	1.626245	1.785697
419.234772	1.629729	1.788606
420.830414	1.633189	1.791542
422.426086	1.636629	1.794502
424.021729	1.640051	1.797482
425.617279	1.643456	1.800479
427.212891	1.646845	1.803491
428.808411	1.650218	1.806516
430.4039	1.653576	1.809552
431.99942	1.656918	1.812598
433.594818	1.660245	1.815652
435.190277	1.663557	1.818713
436.785645	1.666853	1.821781
438.381012	1.670133	1.824854
439.976379	1.673398	1.827932
441.571625	1.676646	1.831013
443.166931	1.679878	1.834097
444.762146	1.683093	1.837184
446.357361	1.686291	1.840273
447.952545	1.689471	1.843365
449.547668	1.692633	1.846457
451.142761	1.695776	1.849552
452.737854	1.6989	1.852647
454.332855	1.702004	1.855744
455.927887	1.705087	1.858842
457.522858	1.708149	1.861942
459.117767	1.71119	1.865043
460.712708	1.714208	1.868146
462.307556	1.717202	1.871251
463.902405	1.720172	1.874358
465.497162	1.723117	1.877469
467.091888	1.726036	1.880584
468.686615	1.728927	1.883704
470.281311	1.731789	1.886829
471.875916	1.73462	1.889963
473.47052	1.73742	1.893108
475.065094	1.740189	1.896269
476.659607	1.742927	1.899448
478.254089	1.745638	1.902646
479.848541	1.748322	1.905866
481.442932	1.75098	1.909109
483.037292	1.753615	1.912377
484.631592	1.756229	1.915671
486.225891	1.758822	1.918992
487.820129	1.761397	1.922341
489.414307	1.763956	1.925719
491.008453	1.7665	1.929125
492.602539	1.76903	1.932562
494.196625	1.77155	1.936028
495.790619	1.77406	1.939525
497.384613	1.776561	1.943053
498.978516	1.779057	1.946611
500.572418	1.781548	1.9502
502.16626	1.784036	1.95382
503.760071	1.786522	1.957471
505.353821	1.789008	1.961153
506.94751	1.791496	1.964864
508.541168	1.793987	1.968606
510.134766	1.796482	1.972377
511.728333	1.798983	1.976178
513.321838	1.801492	1.980008
514.915283	1.804009	1.983866
516.508667	1.806536	1.987752
518.102051	1.809074	1.991665
519.695435	1.811625	1.995606
521.288696	1.81419	1.999572
522.881897	1.816769	2.003564
524.475037	1.819366	2.007581
526.068176	1.821979	2.011621
527.661255	1.824611	2.015685
529.254211	1.827263	2.019771
530.847168	1.829935	2.023878
532.440063	1.83263	2.028006
534.032959	1.835349	2.032154
535.625732	1.838091	2.036319
537.218506	1.84086	2.040501
538.811157	1.843656	2.044698
540.403809	1.846478	2.048908
541.996399	1.849326	2.053129
543.588928	1.852203	2.05736
545.181396	1.855106	2.0616
546.773804	1.858037	2.065848
548.36615	1.860994	2.070103
549.958496	1.863979	2.074363
551.55072	1.866992	2.078627
553.142944	1.870031	2.082895
554.735046	1.873097	2.087165
556.327148	1.876191	2.091437
557.919128	1.879311	2.09571
559.511108	1.882457	2.099982
561.102966	1.88563	2.104253
562.694824	1.88883	2.108523
564.286621	1.892055	2.11279
565.878296	1.895306	2.117054
567.470032	1.898583	2.121314
569.061646	1.901886	2.125569
570.653137	1.905214	2.129819
572.244629	1.908566	2.134063
573.83606	1.911944	2.1383
575.427368	1.915347	2.14253
577.018677	1.918773	2.146753
578.609863	1.922224	2.150967
580.20105	1.925699	2.155173
581.792114	1.929198	2.159369
583.383179	1.93272	2.163555
584.974121	1.936266	2.167731
586.565063	1.939834	2.171896
588.155884	1.943426	2.17605
589.746704	1.94704	2.180192
591.337341	1.950676	2.184321
592.927979	1.954335	2.188438
594.518555	1.958016	2.192542
596.10907	1.961719	2.196633
597.699524	1.965443	2.200709
599.289917	1.969189	2.204771
600.880188	1.972956	2.208818
602.470398	1.976744	2.21285
604.060608	1.980553	2.216867
605.650696	1.984382	2.220867
607.240723	1.988233	2.224852
608.830688	1.992104	2.228819
610.420532	1.995995	2.232769
612.010376	1.999907	2.236702
613.600098	2.003839	2.240616
615.189758	2.007791	2.244512
616.779358	2.011764	2.248389
618.368896	2.015756	2.252247
619.958374	2.019769	2.256084
621.547729	2.023803	2.2599
623.137024	2.027857	2.263694
624.726257	2.031931	2.267464
626.31543	2.036024	2.27121
627.90448	2.040135	2.274931
629.49353	2.044265	2.278625
631.082458	2.048411	2.282294
632.671265	2.052573	2.285935
634.260132	2.056751	2.289549
635.848755	2.060943	2.293135
637.437378	2.065149	2.296693
639.026001	2.069368	2.300222
640.614441	2.0736	2.303723
642.20282	2.077843	2.307194
643.791138	2.082098	2.310635
645.379395	2.086362	2.314047
646.96759	2.090636	2.317429
648.555664	2.094919	2.320782
650.143677	2.099209	2.324104
651.731567	2.103507	2.327396
653.319458	2.107812	2.330657
654.907166	2.112123	2.333889
656.494873	2.116438	2.33709
658.082458	2.120759	2.340261
659.669983	2.125083	2.343401
661.257446	2.129411	2.346511
662.844788	2.133742	2.349591
664.432007	2.138075	2.35264
666.019165	2.142409	2.35566
667.606323	2.146744	2.358649
669.193298	2.15108	2.361609
670.780273	2.155415	2.364538
672.367065	2.15975	2.367438
673.953857	2.164083	2.370308
675.540527	2.168414	2.373149
677.127136	2.172743	2.37596
678.713623	2.177069	2.378742
680.300049	2.181392	2.381495
681.886353	2.185711	2.38422
683.472656	2.190026	2.386916
685.058777	2.194335	2.389583
686.644897	2.198639	2.392222
688.230835	2.202938	2.394833
689.816772	2.20723	2.397416
691.402527	2.211515	2.399972
692.98822	2.215794	2.4025
694.573853	2.220065	2.405001
696.159424	2.224327	2.407475
697.744873	2.228582	2.409923
699.3302	2.232827	2.412344
700.915466	2.237064	2.414739
702.50061	2.241291	2.417108
704.085693	2.245508	2.419451
705.670715	2.249714	2.421769
707.255554	2.25391	2.424061
708.840393	2.258095	2.426329
710.42511	2.262268	2.428572
712.009705	2.266429	2.430791
713.594177	2.270579	2.432986
715.178589	2.274715	2.435158
716.762939	2.278839	2.437305
718.347168	2.28295	2.43943
719.931335	2.287047	2.441532
721.515381	2.29113	2.443611
723.099304	2.295199	2.445668
724.683167	2.299253	2.447704
726.266907	2.303293	2.449718
727.850525	2.307317	2.45171
729.434143	2.311326	2.453682
731.017578	2.315318	2.455633
732.600952	2.319294	2.457565
734.184204	2.323254	2.459476
735.767334	2.327196	2.461369
737.350403	2.331121	2.463243
738.93335	2.335027	2.465099
740.516235	2.338916	2.466938
742.098999	2.342787	2.468761
743.681641	2.346639	2.470569
745.264221	2.350473	2.472361
746.846619	2.354289	2.474138
748.429016	2.358088	2.475902
750.01123	2.361868	2.477651
751.593384	2.365631	2.479388
753.175415	2.369375	2.481112
754.757385	2.373103	2.482824
756.339233	2.376812	2.484524
757.920959	2.380505	2.486212
759.502563	2.38418	2.487889
761.084106	2.387838	2.489556
762.665527	2.391479	2.491212
764.246826	2.395103	2.492857
765.828003	2.398711	2.494494
767.409119	2.402302	2.49612
768.990112	2.405876	2.497738
770.570984	2.409434	2.499346
772.151733	2.412976	2.500947
773.732483	2.416502	2.502538
775.312988	2.420011	2.504122
776.893433	2.423506	2.505697
778.473755	2.426984	2.507265
780.054077	2.430447	2.508826
781.634155	2.433895	2.510379
783.214172	2.437327	2.511925
784.794067	2.440745	2.513465
786.373901	2.444147	2.514998
787.953552	2.447535	2.516525
789.533081	2.450908	2.518045
791.11261	2.454267	2.51956
792.691956	2.457611	2.521069
794.271118	2.460941	2.522572
795.850281	2.464257	2.524069
797.429321	2.467558	2.525561
799.008179	2.470846	2.527048
800.586975	2.474121	2.52853
802.165649	2.477382	2.530007
803.744202	2.480629	2.53148
805.322632	2.483864	2.532947
806.90094	2.487085	2.53441
808.479126	2.490293	2.535869
810.057251	2.493488	2.537323
811.635193	2.49667	2.538774
813.213013	2.49984	2.54022
814.790771	2.502997	2.541662
816.368408	2.506142	2.543101
817.945923	2.509274	2.544536
819.523254	2.512394	2.545967
821.100586	2.515503	2.547395
822.677734	2.518599	2.548819
824.2547	2.521683	2.55024
825.831665	2.524756	2.551658
827.408386	2.527817	2.553072
828.985046	2.530867	2.554484
830.561646	2.533906	2.555892
832.138062	2.536933	2.557298
833.714355	2.539949	2.558701
835.290527	2.542954	2.560101
836.866577	2.545948	2.561498
838.442505	2.548932	2.562893
840.018372	2.551904	2.564285
841.594055	2.554866	2.565675
843.169617	2.557818	2.567062
844.744995	2.560759	2.568447
846.320313	2.56369	2.569829
847.895508	2.56661	2.57121
849.470581	2.569521	2.572588
851.045593	2.572422	2.573964
852.620422	2.575312	2.575338
854.195007	2.578193	2.57671
855.769653	2.581064	2.578079
857.344055	2.583925	2.579447
858.918335	2.586777	2.580813
860.492554	2.58962	2.582177
862.066589	2.592453	2.583539
863.640503	2.595276	2.5849
865.214355	2.598091	2.586259
866.787964	2.600896	2.587616
868.361511	2.603693	2.588971
869.934937	2.60648	2.590325
871.508179	2.609259	2.591677
873.08136	2.612029	2.593027
874.654419	2.61479	2.594376
876.227356	2.617543	2.595724
877.80011	2.620287	2.59707
879.372681	2.623022	2.598414
880.94519	2.625749	2.599757
882.517456	2.628468	2.601099
884.089722	2.631179	2.602439
885.661804	2.633881	2.603778
887.233765	2.636575	2.605116
888.805664	2.639262	2.606452
890.377319	2.64194	2.607787
891.948914	2.644611	2.609121
893.520325	2.647274	2.610454
895.091614	2.649928	2.611785
896.662781	2.652576	2.613115
898.233765	2.655215	2.614444
899.804688	2.657847	2.615772