380	1.667924	0.372310
381	1.667924	0.372310
382	1.668453	0.372272
383	1.668989	0.372223
384	1.669529	0.372165
385	1.670073	0.372097
386	1.670620	0.372020
387	1.671169	0.371936
388	1.671719	0.371844
389	1.672269	0.371746
390	1.672819	0.371641
391	1.673368	0.371530
392	1.673916	0.371414
393	1.674462	0.371293
394	1.675007	0.371168
395	1.675549	0.371039
396	1.676089	0.370907
397	1.676625	0.370771
398	1.677159	0.370633
399	1.677690	0.370492
400	1.678217	0.370349
401	1.678741	0.370204
402	1.679262	0.370057
403	1.679778	0.369910
404	1.680291	0.369762
405	1.680800	0.369613
406	1.681306	0.369463
407	1.681807	0.369314
408	1.682305	0.369165
409	1.682798	0.369016
410	1.683288	0.368868
411	1.683775	0.368720
412	1.684257	0.368573
413	1.684736	0.368428
414	1.685210	0.368284
415	1.685681	0.368142
416	1.686149	0.368001
417	1.686613	0.367863
418	1.687074	0.367726
419	1.687532	0.367592
420	1.687987	0.367460
421	1.688439	0.367330
422	1.688888	0.367203
423	1.689335	0.367078
424	1.689780	0.366956
425	1.690222	0.366837
426	1.690663	0.366720
427	1.691101	0.366605
428	1.691538	0.366492
429	1.691973	0.366382
430	1.692407	0.366273
431	1.692839	0.366167
432	1.693268	0.366063
433	1.693697	0.365961
434	1.694124	0.365861
435	1.694549	0.365763
436	1.694973	0.365666
437	1.695396	0.365571
438	1.695817	0.365478
439	1.696236	0.365387
440	1.696655	0.365298
441	1.697071	0.365210
442	1.697487	0.365124
443	1.697901	0.365039
444	1.698313	0.364956
445	1.698725	0.364875
446	1.699135	0.364795
447	1.699543	0.364716
448	1.699951	0.364640
449	1.700356	0.364564
450	1.700761	0.364490
451	1.701164	0.364417
452	1.701566	0.364346
453	1.701967	0.364275
454	1.702366	0.364207
455	1.702764	0.364139
456	1.703161	0.364073
457	1.703556	0.364008
458	1.703950	0.363943
459	1.704342	0.363881
460	1.704733	0.363819
461	1.705124	0.363759
462	1.705512	0.363700
463	1.705899	0.363641
464	1.706285	0.363584
465	1.706669	0.363528
466	1.707052	0.363473
467	1.707433	0.363419
468	1.707814	0.363366
469	1.708192	0.363314
470	1.708569	0.363263
471	1.708944	0.363213
472	1.709319	0.363164
473	1.709691	0.363116
474	1.710062	0.363069
475	1.710430	0.363023
476	1.710798	0.362978
477	1.711164	0.362934
478	1.711527	0.362892
479	1.711889	0.362850
480	1.712250	0.362810
481	1.712609	0.362771
482	1.712966	0.362733
483	1.713322	0.362697
484	1.713676	0.362662
485	1.714029	0.362628
486	1.714379	0.362596
487	1.714728	0.362565
488	1.715076	0.362535
489	1.715422	0.362506
490	1.715767	0.362480
491	1.716110	0.362454
492	1.716452	0.362430
493	1.716792	0.362408
494	1.717130	0.362387
495	1.717467	0.362367
496	1.717803	0.362349
497	1.718138	0.362332
498	1.718471	0.362317
499	1.718803	0.362304
500	1.719134	0.362292
501	1.719463	0.362281
502	1.719791	0.362272
503	1.720118	0.362265
504	1.720444	0.362259
505	1.720768	0.362255
506	1.721092	0.362252
507	1.721414	0.362251
508	1.721735	0.362251
509	1.722055	0.362253
510	1.722374	0.362257
511	1.722693	0.362262
512	1.723010	0.362269
513	1.723326	0.362277
514	1.723641	0.362287
515	1.723956	0.362299
516	1.724269	0.362312
517	1.724581	0.362326
518	1.724894	0.362343
519	1.725205	0.362361
520	1.725515	0.362380
521	1.725825	0.362401
522	1.726134	0.362424
523	1.726442	0.362448
524	1.726749	0.362474
525	1.727056	0.362502
526	1.727363	0.362531
527	1.727669	0.362561
528	1.727974	0.362593
529	1.728279	0.362627
530	1.728584	0.362663
531	1.728888	0.362699
532	1.729192	0.362738
533	1.729496	0.362777
534	1.729799	0.362819
535	1.730102	0.362862
536	1.730405	0.362906
537	1.730707	0.362952
538	1.731010	0.363000
539	1.731313	0.363048
540	1.731615	0.363098
541	1.731918	0.363150
542	1.732221	0.363202
543	1.732523	0.363256
544	1.732826	0.363311
545	1.733128	0.363367
546	1.733432	0.363425
547	1.733735	0.363483
548	1.734038	0.363542
549	1.734341	0.363603
550	1.734644	0.363664
551	1.734948	0.363727
552	1.735251	0.363790
553	1.735555	0.363855
554	1.735859	0.363920
555	1.736163	0.363987
556	1.736467	0.364053
557	1.736772	0.364121
558	1.737077	0.364190
559	1.737381	0.364259
560	1.737686	0.364330
561	1.737991	0.364400
562	1.738297	0.364472
563	1.738602	0.364545
564	1.738908	0.364617
565	1.739214	0.364691
566	1.739520	0.364765
567	1.739826	0.364841
568	1.740133	0.364916
569	1.740440	0.364992
570	1.740747	0.365069
571	1.741054	0.365146
572	1.741361	0.365223
573	1.741669	0.365301
574	1.741977	0.365380
575	1.742285	0.365459
576	1.742593	0.365539
577	1.742902	0.365618
578	1.743210	0.365699
579	1.743519	0.365779
580	1.743828	0.365860
581	1.744137	0.365942
582	1.744447	0.366024
583	1.744756	0.366106
584	1.745066	0.366188
585	1.745376	0.366271
586	1.745686	0.366354
587	1.745997	0.366437
588	1.746307	0.366521
589	1.746618	0.366605
590	1.746929	0.366688
591	1.747240	0.366773
592	1.747551	0.366857
593	1.747863	0.366942
594	1.748174	0.367027
595	1.748486	0.367112
596	1.748798	0.367197
597	1.749109	0.367282
598	1.749422	0.367367
599	1.749734	0.367453
600	1.750047	0.367539
601	1.750359	0.367624
602	1.750672	0.367710
603	1.750985	0.367796
604	1.751298	0.367882
605	1.751611	0.367968
606	1.751924	0.368055
607	1.752238	0.368141
608	1.752551	0.368227
609	1.752865	0.368313
610	1.753179	0.368399
611	1.753492	0.368485
612	1.753806	0.368572
613	1.754120	0.368658
614	1.754434	0.368744
615	1.754749	0.368830
616	1.755063	0.368916
617	1.755377	0.369003
618	1.755692	0.369089
619	1.756006	0.369175
620	1.756321	0.369261
621	1.756636	0.369347
622	1.756950	0.369433
623	1.757265	0.369518
624	1.757580	0.369604
625	1.757894	0.369690
626	1.758209	0.369775
627	1.758524	0.369861
628	1.758839	0.369946
629	1.759154	0.370031
630	1.759469	0.370116
631	1.759784	0.370201
632	1.760099	0.370286
633	1.760414	0.370370
634	1.760729	0.370455
635	1.761044	0.370539
636	1.761360	0.370624
637	1.761675	0.370708
638	1.761990	0.370792
639	1.762305	0.370876
640	1.762620	0.370959
641	1.762935	0.371043
642	1.763250	0.371126
643	1.763565	0.371209
644	1.763880	0.371292
645	1.764195	0.371375
646	1.764510	0.371457
647	1.764825	0.371540
648	1.765140	0.371622
649	1.765455	0.371704
650	1.765770	0.371786
651	1.766085	0.371868
652	1.766400	0.371949
653	1.766714	0.372030
654	1.767029	0.372111
655	1.767344	0.372192
656	1.767658	0.372272
657	1.767973	0.372353
658	1.768287	0.372433
659	1.768601	0.372513
660	1.768916	0.372593
661	1.769230	0.372672
662	1.769545	0.372751
663	1.769859	0.372830
664	1.770173	0.372909
665	1.770486	0.372987
666	1.770801	0.373065
667	1.771114	0.373143
668	1.771428	0.373221
669	1.771742	0.373299
670	1.772055	0.373376
671	1.772369	0.373453
672	1.772682	0.373530
673	1.772995	0.373606
674	1.773309	0.373683
675	1.773622	0.373758
676	1.773935	0.373834
677	1.774247	0.373910
678	1.774560	0.373985
679	1.774873	0.374060
680	1.775185	0.374134
681	1.775498	0.374208
682	1.775810	0.374282
683	1.776122	0.374356
684	1.776434	0.374430
685	1.776746	0.374503
686	1.777058	0.374576
687	1.777369	0.374649
688	1.777681	0.374721
689	1.777992	0.374793
690	1.778304	0.374865
691	1.778614	0.374937
692	1.778925	0.375008
693	1.779236	0.375079
694	1.779547	0.375149
695	1.779857	0.375220
696	1.780168	0.375290
697	1.780478	0.375360
698	1.780788	0.375429
699	1.781097	0.375499
700	1.781407	0.375567
701	1.781717	0.375636
702	1.782026	0.375704
703	1.782335	0.375773
704	1.782644	0.375841
705	1.782953	0.375908
706	1.783262	0.375975
707	1.783570	0.376042
708	1.783878	0.376109
709	1.784186	0.376175
710	1.784494	0.376241
711	1.784802	0.376307
712	1.785110	0.376372
713	1.785417	0.376437
714	1.785724	0.376502
715	1.786031	0.376567
716	1.786337	0.376631
717	1.786644	0.376695
718	1.786950	0.376758
719	1.787256	0.376822
720	1.787562	0.376884
721	1.787867	0.376947
722	1.788173	0.377010
723	1.788478	0.377072
724	1.788783	0.377134
725	1.789087	0.377196
726	1.789391	0.377257
727	1.789696	0.377318
728	1.790000	0.377379
729	1.790303	0.377439
730	1.790607	0.377499
731	1.790910	0.377559
732	1.791212	0.377618
733	1.791514	0.377678
734	1.791816	0.377737
735	1.792118	0.377796
736	1.792419	0.377854
737	1.792720	0.377913
738	1.793021	0.377971
739	1.793321	0.378029
740	1.793622	0.378087
741	1.793922	0.378144
742	1.794221	0.378202
743	1.794520	0.378259
744	1.794819	0.378316
745	1.795117	0.378374
746	1.795415	0.378431
747	1.795713	0.378487
748	1.796011	0.378544
749	1.796308	0.378601
750	1.796605	0.378657
751	1.796902	0.378714
752	1.797198	0.378770
753	1.797494	0.378826
754	1.797790	0.378882
755	1.798085	0.378939
756	1.798381	0.378995
757	1.798676	0.379051
758	1.798970	0.379107
759	1.799265	0.379163
760	1.799559	0.379219
761	1.799853	0.379276
762	1.800147	0.379331
763	1.800441	0.379387
764	1.800734	0.379444
765	1.801027	0.379499
766	1.801320	0.379556
767	1.801613	0.379611
768	1.801906	0.379668
769	1.802198	0.379724
770	1.802490	0.379780
771	1.802783	0.379836
772	1.803074	0.379892
773	1.803366	0.379949
774	1.803658	0.380005
775	1.803950	0.380061
776	1.804241	0.380118
777	1.804532	0.380174
778	1.804823	0.380231
779	1.805115	0.380287
780	1.805405	0.380344