380	1.591	0.037238 
381	1.593	0.037125 
382	1.628	0.034861 
383	1.624	0.033404 
384	1.594	0.033145 
385	1.593	0.031492 
386	1.617	0.029401 
387	1.617	0.028193 
388	1.608	0.027543 
389	1.606	0.025918 
390	1.611	0.024595 
391	1.614	0.023268 
392	1.605	0.021756 
393	1.600	0.021386 
394	1.595	0.020245 
395	1.592	0.019378 
396	1.592	0.018689 
397	1.592	0.017975 
398	1.593	0.017195 
399	1.593	0.016654 
400	1.590	0.016023 
401	1.588	0.015030 
402	1.586	0.014454 
403	1.584	0.014094 
404	1.584	0.013716 
405	1.581	0.012941 
406	1.577	0.012494 
407	1.576	0.012360 
408	1.574	0.011977 
409	1.572	0.011481 
410	1.571	0.011222 
411	1.572	0.010963 
412	1.572	0.010731 
413	1.572	0.010603 
414	1.572	0.010518 
415	1.572	0.010417 
416	1.572	0.010241 
417	1.571	0.010045 
418	1.570	0.009838 
419	1.569	0.009627 
420	1.569	0.009472 
421	1.568	0.009175 
422	1.567	0.009025 
423	1.567	0.008649 
424	1.566	0.008304 
425	1.565	0.008146 
426	1.565	0.007909 
427	1.565	0.007642 
428	1.565	0.007538 
429	1.564	0.007470 
430	1.564	0.007563 
431	1.563	0.007488 
432	1.564	0.007321 
433	1.564	0.007144 
434	1.564	0.006983 
435	1.564	0.006844 
436	1.564	0.006699 
437	1.564	0.006605 
438	1.564	0.006524 
439	1.564	0.006230 
440	1.565	0.006140 
441	1.565	0.006177 
442	1.565	0.005837 
443	1.565	0.005697 
444	1.566	0.005760 
445	1.566	0.005675 
446	1.566	0.005656 
447	1.566	0.005683 
448	1.567	0.005518 
449	1.568	0.005423 
450	1.569	0.005439 
451	1.570	0.005528 
452	1.570	0.005572 
453	1.570	0.005566 
454	1.572	0.005577 
455	1.572	0.005649 
456	1.574	0.005756 
457	1.574	0.005903 
458	1.575	0.006023 
459	1.577	0.006183 
460	1.578	0.006335 
461	1.579	0.006414 
462	1.580	0.006515 
463	1.581	0.006698 
464	1.582	0.006901 
465	1.584	0.007075 
466	1.585	0.007247 
467	1.586	0.007425 
468	1.587	0.007702 
469	1.588	0.007877 
470	1.589	0.008071 
471	1.590	0.008348 
472	1.591	0.008654 
473	1.592	0.008930 
474	1.592	0.009200 
475	1.593	0.009533 
476	1.593	0.009916 
477	1.594	0.010257 
478	1.594	0.010649 
479	1.594	0.011188 
480	1.594	0.011602 
481	1.594	0.012145 
482	1.594	0.012753 
483	1.595	0.013339 
484	1.595	0.014137 
485	1.596	0.014810 
486	1.596	0.015535 
487	1.596	0.016258 
488	1.597	0.017104 
489	1.598	0.017926 
490	1.598	0.018859 
491	1.599	0.019792 
492	1.600	0.020684 
493	1.601	0.021708 
494	1.601	0.022782 
495	1.602	0.023891 
496	1.603	0.024957 
497	1.604	0.026105 
498	1.605	0.027420 
499	1.606	0.028504 
500	1.607	0.029744 
501	1.608	0.030992 
502	1.609	0.032128 
503	1.611	0.033533 
504	1.612	0.035033 
505	1.613	0.036390 
506	1.615	0.037907 
507	1.616	0.039462 
508	1.618	0.041129 
509	1.620	0.042802 
510	1.621	0.044536 
511	1.623	0.046333 
512	1.625	0.048109 
513	1.627	0.050221 
514	1.628	0.052487 
515	1.630	0.054598 
516	1.631	0.056950 
517	1.632	0.059407 
518	1.634	0.061738 
519	1.635	0.064387 
520	1.636	0.066805 
521	1.637	0.069357 
522	1.638	0.071924 
523	1.639	0.074002 
524	1.640	0.076435 
525	1.641	0.078676 
526	1.641	0.080859 
527	1.642	0.082910 
528	1.643	0.084907 
529	1.644	0.086743 
530	1.644	0.088101 
531	1.645	0.089844 
532	1.646	0.091838 
533	1.647	0.092583 
534	1.648	0.094005 
535	1.649	0.095782 
536	1.651	0.097313 
537	1.652	0.098236 
538	1.654	0.099589 
539	1.656	0.100970 
540	1.658	0.101755 
541	1.660	0.103063 
542	1.663	0.104598 
543	1.665	0.105705 
544	1.668	0.107019 
545	1.671	0.108176 
546	1.674	0.110536 
547	1.678	0.111947 
548	1.681	0.112427 
549	1.685	0.114714 
550	1.689	0.116882 
551	1.693	0.118661 
552	1.697	0.120905 
553	1.701	0.122703 
554	1.705	0.124404 
555	1.709	0.126757 
556	1.713	0.129714 
557	1.717	0.132275 
558	1.722	0.133724 
559	1.727	0.136633 
560	1.731	0.138239 
561	1.736	0.139366 
562	1.741	0.143475 
563	1.747	0.143559 
564	1.752	0.147047 
565	1.758	0.149579 
566	1.763	0.151449 
567	1.769	0.153904 
568	1.775	0.153167 
569	1.780	0.154060 
570	1.786	0.157487 
571	1.791	0.156775 
572	1.796	0.156612 
573	1.800	0.159073 
574	1.803	0.160140 
575	1.805	0.163505 
576	1.805	0.162324 
577	1.804	0.162028 
578	1.801	0.160895 
579	1.797	0.163422 
580	1.791	0.162653 
581	1.785	0.162231 
582	1.778	0.164941 
583	1.773	0.163630 
584	1.769	0.163563 
585	1.768	0.166822 
586	1.770	0.166298 
587	1.776	0.169258 
588	1.786	0.169267 
589	1.798	0.169736 
590	1.813	0.169403 
591	1.830	0.169290 
592	1.846	0.168442 
593	1.860	0.169640 
594	1.871	0.169755 
595	1.877	0.171020 
596	1.878	0.170013 
597	1.873	0.172834 
598	1.862	0.171760 
599	1.844	0.174273 
600	1.821	0.174893 
601	1.794	0.175141 
602	1.764	0.180163 
603	1.732	0.178963 
604	1.699	0.177863 
605	1.667	0.180134 
606	1.638	0.180583 
607	1.612	0.180070 
608	1.590	0.184413 
609	1.574	0.188076 
610	1.563	0.183514 
611	1.557	0.186309 
612	1.558	0.181116 
613	1.564	0.183294 
614	1.574	0.185529 
615	1.589	0.183726 
616	1.607	0.183245 
617	1.628	0.183747 
618	1.651	0.180393 
619	1.675	0.181815 
620	1.699	0.182980 
621	1.723	0.179773 
622	1.747	0.179852 
623	1.769	0.178956 
624	1.790	0.176453 
625	1.809	0.176821 
626	1.826	0.174978 
627	1.841	0.172364 
628	1.854	0.170902 
629	1.864	0.167533 
630	1.871	0.165764 
631	1.876	0.166750 
632	1.879	0.162602 
633	1.879	0.161713 
634	1.876	0.160077 
635	1.871	0.157534 
636	1.864	0.156423 
637	1.855	0.155187 
638	1.844	0.152742 
639	1.831	0.151404 
640	1.816	0.149461 
641	1.800	0.147361 
642	1.783	0.145010 
643	1.766	0.143063 
644	1.747	0.142215 
645	1.728	0.141023 
646	1.709	0.139318 
647	1.690	0.136446 
648	1.671	0.136154 
649	1.652	0.134110 
650	1.634	0.131935 
651	1.617	0.130964 
652	1.601	0.129822 
653	1.586	0.128559 
654	1.572	0.126786 
655	1.560	0.125506 
656	1.549	0.124293 
657	1.539	0.123254 
658	1.532	0.121868 
659	1.527	0.120901 
660	1.523	0.119933 
661	1.521	0.118451 
662	1.522	0.117321 
663	1.524	0.116263 
664	1.528	0.115407 
665	1.534	0.114668 
666	1.541	0.113574 
667	1.550	0.112815 
668	1.560	0.112169 
669	1.572	0.111242 
670	1.584	0.110733 
671	1.597	0.110613 
672	1.611	0.110121 
673	1.625	0.109533 
674	1.639	0.109097 
675	1.654	0.108862 
676	1.669	0.108418 
677	1.683	0.108449 
678	1.697	0.108359 
679	1.711	0.107773 
680	1.724	0.108027 
681	1.737	0.107740 
682	1.749	0.107722 
683	1.761	0.107536 
684	1.771	0.107075 
685	1.781	0.107029 
686	1.790	0.107259 
687	1.798	0.106813 
688	1.805	0.106487 
689	1.810	0.106246 
690	1.815	0.106235 
691	1.819	0.106070 
692	1.822	0.106147 
693	1.823	0.105594 
694	1.824	0.105553 
695	1.823	0.104999 
696	1.821	0.105023 
697	1.819	0.105093 
698	1.815	0.104881 
699	1.810	0.104965 
700	1.805	0.105020 
701	1.799	0.105403 
702	1.792	0.105468 
703	1.784	0.105616 
704	1.775	0.106161 
705	1.766	0.106556 
706	1.756	0.107289 
707	1.745	0.107854 
708	1.735	0.108457 
709	1.723	0.109451 
710	1.712	0.110113 
711	1.700	0.111035 
712	1.689	0.112240 
713	1.677	0.113352 
714	1.664	0.113858 
715	1.652	0.115602 
716	1.640	0.117495 
717	1.628	0.118368 
718	1.616	0.119945 
719	1.605	0.120840 
720	1.594	0.121653 
721	1.583	0.123558 
722	1.574	0.124978 
723	1.564	0.125404 
724	1.555	0.126536 
725	1.547	0.128197 
726	1.539	0.128882 
727	1.532	0.130033 
728	1.527	0.131142 
729	1.522	0.131472 
730	1.518	0.132311 
731	1.515	0.133317 
732	1.513	0.133475 
733	1.511	0.134315 
734	1.512	0.134810 
735	1.513	0.135049 
736	1.515	0.134914 
737	1.518	0.135983 
738	1.520	0.134739 
739	1.524	0.134565 
740	1.528	0.136195 
741	1.533	0.136659 
742	1.540	0.136825 
743	1.548	0.137512 
744	1.554	0.137248 
745	1.563	0.138260 
746	1.572	0.140015 
747	1.580	0.138908 
748	1.589	0.140669 
749	1.600	0.138901 
750	1.608	0.141843 
751	1.619	0.141641 
752	1.628	0.142077 
753	1.638	0.143298 
754	1.648	0.143475 
755	1.658	0.142754 
756	1.669	0.142469 
757	1.678	0.142593 
758	1.687	0.141678 
759	1.695	0.139149 
760	1.704	0.139001 
761	1.712	0.139563 
762	1.719	0.137094 
763	1.726	0.133926 
764	1.732	0.133026 
765	1.737	0.129938 
766	1.744	0.127955 
767	1.748	0.125188 
768	1.753	0.121869 
769	1.758	0.120252 
770	1.762	0.116573 
771	1.767	0.113559 
772	1.771	0.110252 
773	1.774	0.106061 
774	1.778	0.102273 
775	1.783	0.100044 
776	1.783	0.094556 
777	1.783	0.091155 
778	1.786	0.086161 
779	1.788	0.081915 
780	1.788	0.078438 