300.2678223	1.929278051	0.02468018
301.049327	1.928505765	0.02455221
301.8308317	1.927739471	0.024425233
302.6123364	1.926979105	0.024299238
303.393841	1.926224608	0.024174216
304.1753457	1.925475919	0.024050156
304.9568504	1.924732978	0.023927048
305.7383551	1.923995728	0.023804884
306.5198598	1.923264109	0.023683652
307.3013645	1.922538065	0.023563345
308.0828692	1.921817539	0.023443951
308.8643738	1.921102475	0.023325463
309.6458785	1.920392819	0.023207871
310.4273832	1.919688516	0.023091166
311.2088879	1.918989512	0.022975339
311.9903926	1.918295754	0.022860381
312.7718973	1.91760719	0.022746284
313.5534019	1.916923768	0.022633039
314.3349066	1.916245437	0.022520638
315.1164113	1.915572147	0.022409072
315.897916	1.914903848	0.022298333
316.6794207	1.91424049	0.022188412
317.4609254	1.913582026	0.022079303
318.24243	1.912928406	0.021970996
319.0239347	1.912279584	0.021863485
319.8054394	1.911635512	0.02175676
320.5869441	1.910996146	0.021650815
321.3684488	1.910361437	0.021545642
322.1499535	1.909731343	0.021441234
322.9314582	1.909105817	0.021337582
323.7129628	1.908484817	0.021234681
324.4944675	1.907868298	0.021132522
325.2759722	1.907256217	0.021031098
326.0574769	1.906648532	0.020930403
326.8389816	1.906045201	0.020830429
327.6204863	1.905446182	0.02073117
328.4019909	1.904851435	0.020632619
329.1834956	1.904260919	0.020534768
329.9650003	1.903674593	0.020437613
330.746505	1.903092419	0.020341145
331.5280097	1.902514357	0.020245358
332.3095144	1.901940369	0.020150246
333.091019	1.901370416	0.020055804
333.8725237	1.90080446	0.019962023
334.6540284	1.900242465	0.019868899
335.4355331	1.899684394	0.019776425
336.2170378	1.899130209	0.019684595
336.9985425	1.898579875	0.019593403
337.7800472	1.898033357	0.019502843
338.5615518	1.897490619	0.01941291
339.3430565	1.896951627	0.019323597
340.1245612	1.896416345	0.0192349
340.9060659	1.895884741	0.019146811
341.6875706	1.89535678	0.019059327
342.4690753	1.894832429	0.01897244
343.2505799	1.894311656	0.018886147
344.0320846	1.893794428	0.01880044
344.8135893	1.893280712	0.018715316
345.595094	1.892770478	0.018630769
346.3765987	1.892263693	0.018546793
347.1581034	1.891760327	0.018463384
347.939608	1.891260349	0.018380536
348.7211127	1.890763729	0.018298245
349.5026174	1.890270437	0.018216505
350.2841221	1.889780442	0.018135311
351.0656268	1.889293716	0.018054659
351.8471315	1.88881023	0.017974544
352.6286362	1.888329955	0.017894961
353.4101408	1.887852862	0.017815905
354.1916455	1.887378924	0.017737373
354.9731502	1.886908112	0.017659358
355.7546549	1.886440401	0.017581857
356.5361596	1.885975761	0.017504864
357.3176643	1.885514166	0.017428377
358.0991689	1.885055591	0.01735239
358.8806736	1.884600008	0.017276898
359.6621783	1.884147391	0.017201898
360.443683	1.883697716	0.017127386
361.2251877	1.883250956	0.017053356
362.0066924	1.882807086	0.016979806
362.788197	1.882366081	0.01690673
363.5697017	1.881927918	0.016834125
364.3512064	1.881492571	0.016761987
365.1327111	1.881060016	0.016690311
365.9142158	1.880630229	0.016619094
366.6957205	1.880203188	0.016548332
367.4772252	1.879778868	0.016478021
368.2587298	1.879357247	0.016408157
369.0402345	1.878938302	0.016338737
369.8217392	1.87852201	0.016269756
370.6032439	1.878108348	0.016201211
371.3847486	1.877697295	0.016133098
372.1662533	1.877288829	0.016065414
372.9477579	1.876882928	0.015998155
373.7292626	1.876479571	0.015931318
374.5107673	1.876078736	0.015864898
375.292272	1.875680403	0.015798893
376.0737767	1.87528455	0.0157333
376.8552814	1.874891157	0.015668113
377.636786	1.874500205	0.015603331
378.4182907	1.874111672	0.01553895
379.1997954	1.873725538	0.015474967
379.9813001	1.873341785	0.015411378
380.7628048	1.872960392	0.01534818
381.5443095	1.872581341	0.01528537
382.3258142	1.872204611	0.015222945
383.1073188	1.871830185	0.015160901
383.8888235	1.871458043	0.015099236
384.6703282	1.871088167	0.015037947
385.4518329	1.870720538	0.014977029
386.2333376	1.870355139	0.014916482
387.0148423	1.869991951	0.0148563
387.7963469	1.869630956	0.014796483
388.5778516	1.869272138	0.014737025
389.3593563	1.868915478	0.014677926
390.140861	1.868560959	0.014619181
390.9223657	1.868208564	0.014560788
391.7038704	1.867858276	0.014502744
392.485375	1.867510078	0.014445047
393.2668797	1.867163955	0.014387693
394.0483844	1.866819888	0.01433068
394.8298891	1.866477863	0.014274006
395.6113938	1.866137863	0.014217667
396.3928985	1.865799872	0.014161661
397.1744032	1.865463873	0.014105985
397.9559078	1.865129853	0.014050637
398.7374125	1.864797794	0.013995614
399.5189172	1.864467682	0.013940913
400.3004219	1.864139502	0.013886533
401.0819266	1.863813238	0.01383247
401.8634313	1.863488876	0.013778722
402.6449359	1.863166401	0.013725287
403.4264406	1.862845798	0.013672162
404.2079453	1.862527053	0.013619345
404.98945	1.862210151	0.013566833
405.7709547	1.861895078	0.013514625
406.5524594	1.861581821	0.013462717
407.3339641	1.861270365	0.013411108
408.1154687	1.860960696	0.013359795
408.8969734	1.860652802	0.013308776
409.6784781	1.860346668	0.013258049
410.4599828	1.86004228	0.013207611
411.2414875	1.859739627	0.01315746
412.0229922	1.859438693	0.013107595
412.8044968	1.859139468	0.013058012
413.5860015	1.858841937	0.013008711
414.3675062	1.858546088	0.012959688
415.1490109	1.858251908	0.012910941
415.9305156	1.857959385	0.012862469
416.7120203	1.857668506	0.01281427
417.4935249	1.857379259	0.012766341
418.2750296	1.857091631	0.01271868
419.0565343	1.856805612	0.012671286
419.838039	1.856521188	0.012624156
420.6195437	1.856238348	0.012577288
421.4010484	1.855957081	0.012530681
422.1825531	1.855677373	0.012484333
422.9640577	1.855399215	0.012438242
423.7455624	1.855122594	0.012392405
424.5270671	1.8548475	0.012346821
425.3085718	1.854573921	0.012301488
426.0900765	1.854301845	0.012256404
426.8715812	1.854031263	0.012211568
427.6530858	1.853762163	0.012166977
428.4345905	1.853494534	0.01212263
429.2160952	1.853228365	0.012078525
429.9975999	1.852963646	0.012034661
430.7791046	1.852700367	0.011991035
431.5606093	1.852438517	0.011947645
432.3421139	1.852178086	0.011904491
433.1236186	1.851919062	0.01186157
433.9051233	1.851661438	0.011818881
434.686628	1.851405201	0.011776422
435.4681327	1.851150343	0.011734191
436.2496374	1.850896853	0.011692187
437.0311421	1.850644722	0.011650408
437.8126467	1.85039394	0.011608853
438.5941514	1.850144498	0.01156752
439.3756561	1.849896385	0.011526407
440.1571608	1.849649592	0.011485512
440.9386655	1.849404111	0.011444835
441.7201702	1.849159931	0.011404374
442.5016748	1.848917044	0.011364127
443.2831795	1.848675441	0.011324093
444.0646842	1.848435112	0.011284269
444.8461889	1.848196048	0.011244656
445.6276936	1.847958241	0.01120525
446.4091983	1.847721682	0.011166052
447.1907029	1.847486362	0.011127059
447.9722076	1.847252273	0.011088269
448.7537123	1.847019405	0.011049683
449.535217	1.846787751	0.011011297
450.3167217	1.846557302	0.010973111
451.0982264	1.84632805	0.010935123
451.8797311	1.846099986	0.010897332
452.6612357	1.845873103	0.010859737
453.4427404	1.845647391	0.010822336
454.2242451	1.845422843	0.010785128
455.0057498	1.845199452	0.010748111
455.7872545	1.844977208	0.010711285
456.5687592	1.844756105	0.010674647
457.3502638	1.844536135	0.010638197
458.1317685	1.844317289	0.010601934
458.9132732	1.84409956	0.010565856
459.6947779	1.843882941	0.010529961
460.4762826	1.843667423	0.010494249
461.2577873	1.843453	0.010458719
462.0392919	1.843239665	0.010423369
462.8207966	1.843027409	0.010388197
463.6023013	1.842816225	0.010353203
464.383806	1.842606107	0.010318386
465.1653107	1.842397047	0.010283744
465.9468154	1.842189038	0.010249277
466.7283201	1.841982073	0.010214982
467.5098247	1.841776145	0.010180859
468.2913294	1.841571248	0.010146907
469.0728341	1.841367373	0.010113124
469.8543388	1.841164515	0.01007951
470.6358435	1.840962667	0.010046063
471.4173482	1.840761822	0.010012783
472.1988528	1.840561973	0.009979667
472.9803575	1.840363114	0.009946716
473.7618622	1.840165238	0.009913927
474.5433669	1.839968339	0.0098813
475.3248716	1.83977241	0.009848834
476.1063763	1.839577446	0.009816528
476.8878809	1.839383439	0.009784381
477.6693856	1.839190383	0.009752391
478.4508903	1.838998273	0.009720558
479.232395	1.838807102	0.00968888
480.0138997	1.838616864	0.009657357
480.7954044	1.838427553	0.009625988
481.5769091	1.838239162	0.009594771
482.3584137	1.838051687	0.009563706
483.1399184	1.837865121	0.009532791
483.9214231	1.837679458	0.009502026
484.7029278	1.837494692	0.00947141
485.4844325	1.837310817	0.009440941
486.2659372	1.837127829	0.00941062
487.0474418	1.836945721	0.009380444
487.8289465	1.836764487	0.009350413
488.6104512	1.836584122	0.009320526
489.3919559	1.83640462	0.009290782
490.1734606	1.836225977	0.00926118
490.9549653	1.836048186	0.00923172
491.7364699	1.835871241	0.009202399
492.5179746	1.835695139	0.009173219
493.2994793	1.835519872	0.009144177
494.080984	1.835345437	0.009115272
494.8624887	1.835171828	0.009086504
495.6439934	1.834999039	0.009057873
496.4254981	1.834827065	0.009029376
497.2070027	1.834655902	0.009001014
497.9885074	1.834485544	0.008972785
498.7700121	1.834315986	0.008944689
499.5515168	1.834147223	0.008916725
500.3330215	1.833979251	0.008888891
501.1145262	1.833812063	0.008861188
501.8960308	1.833645657	0.008833613
502.6775355	1.833480025	0.008806168
503.4590402	1.833315165	0.00877885
504.2405449	1.83315107	0.008751659
505.0220496	1.832987736	0.008724594
505.8035543	1.832825159	0.008697655
506.5850589	1.832663334	0.00867084
507.3665636	1.832502256	0.008644149
508.1480683	1.832341921	0.008617581
508.929573	1.832182323	0.008591135
509.7110777	1.83202346	0.008564811
510.4925824	1.831865325	0.008538607
511.2740871	1.831707915	0.008512524
512.0555917	1.831551225	0.00848656
512.8370964	1.831395251	0.008460715
513.6186011	1.831239988	0.008434987
514.4001058	1.831085432	0.008409377
515.1816105	1.83093158	0.008383883
515.9631152	1.830778425	0.008358505
516.7446198	1.830625966	0.008333242
517.5261245	1.830474196	0.008308093
518.3076292	1.830323112	0.008283058
519.0891339	1.83017271	0.008258136
519.8706386	1.830022986	0.008233326
520.6521433	1.829873936	0.008208628
521.433648	1.829725555	0.008184041
522.2151526	1.82957784	0.008159564
522.9966573	1.829430787	0.008135197
523.778162	1.829284391	0.008110939
524.5596667	1.829138649	0.008086789
525.3411714	1.828993558	0.008062747
526.1226761	1.828849112	0.008038812
526.9041807	1.828705308	0.008014983
527.6856854	1.828562143	0.00799126
528.4671901	1.828419613	0.007967643
529.2486948	1.828277714	0.00794413
530.0301995	1.828136441	0.00792072
530.8117042	1.827995793	0.007897415
531.5932088	1.827855764	0.007874211
532.3747135	1.827716351	0.00785111
533.1562182	1.827577551	0.007828111
533.9377229	1.82743936	0.007805212
534.7192276	1.827301774	0.007782414
535.5007323	1.827164791	0.007759715
536.282237	1.827028406	0.007737116
537.0637416	1.826892615	0.007714615
537.8452463	1.826757417	0.007692212
538.626751	1.826622806	0.007669907
539.4082557	1.82648878	0.007647698
540.1897604	1.826355335	0.007625586
540.9712651	1.826222468	0.00760357
541.7527697	1.826090176	0.007581648
542.5342744	1.825958455	0.007559822
543.3157791	1.825827302	0.007538089
544.0972838	1.825696714	0.00751645
544.8787885	1.825566687	0.007494905
545.6602932	1.825437218	0.007473451
546.4417978	1.825308305	0.00745209
547.2233025	1.825179944	0.00743082
548.0048072	1.825052131	0.007409641
548.7863119	1.824924864	0.007388553
549.5678166	1.824798139	0.007367554
550.3493213	1.824671954	0.007346645
551.130826	1.824546306	0.007325824
551.9123306	1.82442119	0.007305093
552.6938353	1.824296605	0.007284448
553.47534	1.824172548	0.007263892
554.2568447	1.824049015	0.007243422
555.0383494	1.823926003	0.007223039
555.8198541	1.82380351	0.007202741
556.6013587	1.823681532	0.007182529
557.3828634	1.823560068	0.007162402
558.1643681	1.823439113	0.007142359
558.9458728	1.823318665	0.007122401
559.7273775	1.823198721	0.007102526
560.5088822	1.823079278	0.007082734
561.2903868	1.822960334	0.007063024
562.0718915	1.822841886	0.007043397
562.8533962	1.822723931	0.007023852
563.6349009	1.822606466	0.007004387
564.4164056	1.822489489	0.006985004
565.1979103	1.822372997	0.006965701
565.979415	1.822256987	0.006946478
566.7609196	1.822141456	0.006927334
567.5424243	1.822026403	0.006908269
568.323929	1.821911823	0.006889283
569.1054337	1.821797716	0.006870375
569.8869384	1.821684077	0.006851545
570.6684431	1.821570905	0.006832792
571.4499477	1.821458198	0.006814116
572.2314524	1.821345951	0.006795516
573.0129571	1.821234164	0.006776993
573.7944618	1.821122833	0.006758545
574.5759665	1.821011955	0.006740172
575.3574712	1.82090153	0.006721875
576.1389758	1.820791553	0.006703651
576.9204805	1.820682024	0.006685502
577.7019852	1.820572938	0.006667426
578.4834899	1.820464294	0.006649423
579.2649946	1.82035609	0.006631493
580.0464993	1.820248322	0.006613636
580.828004	1.82014099	0.006595851
581.6095086	1.820034089	0.006578137
582.3910133	1.819927619	0.006560495
583.172518	1.819821577	0.006542923
583.9540227	1.81971596	0.006525422
584.7355274	1.819610766	0.006507991
585.5170321	1.819505993	0.00649063
586.2985367	1.819401639	0.006473338
587.0800414	1.819297701	0.006456115
587.8615461	1.819194177	0.006438961
588.6430508	1.819091066	0.006421875
589.4245555	1.818988364	0.006404857
590.2060602	1.818886071	0.006387907
590.9875648	1.818784182	0.006371024
591.7690695	1.818682697	0.006354207
592.5505742	1.818581614	0.006337458
593.3320789	1.818480929	0.006320774
594.1135836	1.818380642	0.006304156
594.8950883	1.818280749	0.006287604
595.676593	1.81818125	0.006271116
596.4580976	1.818082141	0.006254694
597.2396023	1.817983421	0.006238335
598.021107	1.817885088	0.006222041
598.8026117	1.81778714	0.006205811
599.5841164	1.817689574	0.006189644
600.3656211	1.817592389	0.00617354
601.1471257	1.817495583	0.006157499
601.9286304	1.817399154	0.006141521
602.7101351	1.8173031	0.006125604
603.4916398	1.817207418	0.006109749
604.2731445	1.817112108	0.006093956
605.0546492	1.817017166	0.006078224
605.8361538	1.816922592	0.006062553
606.6176585	1.816828383	0.006046942
607.3991632	1.816734538	0.006031392
608.1806679	1.816641054	0.006015901
608.9621726	1.816547929	0.00600047
609.7436773	1.816455163	0.005985099
610.525182	1.816362752	0.005969786
611.3066866	1.816270696	0.005954532
612.0881913	1.816178992	0.005939336
612.869696	1.816087639	0.005924199
613.6512007	1.815996634	0.005909119
614.4327054	1.815905977	0.005894097
615.2142101	1.815815665	0.005879132
615.9957147	1.815725696	0.005864224
616.7772194	1.815636069	0.005849372
617.5587241	1.815546782	0.005834577
618.3402288	1.815457834	0.005819838
619.1217335	1.815369222	0.005805155
619.9032382	1.815280945	0.005790527
620.6847428	1.815193001	0.005775955
621.4662475	1.815105389	0.005761437
622.2477522	1.815018107	0.005746974
623.0292569	1.814931153	0.005732566
623.8107616	1.814844525	0.005718211
624.5922663	1.814758223	0.005703911
625.373771	1.814672244	0.005689664
626.1552756	1.814586586	0.00567547
626.9367803	1.814501249	0.005661329
627.718285	1.81441623	0.005647241
628.4997897	1.814331528	0.005633206
629.2812944	1.814247142	0.005619223
630.0627991	1.814163069	0.005605292
630.8443037	1.814079309	0.005591413
631.6258084	1.813995859	0.005577585
632.4073131	1.813912719	0.005563808
633.1888178	1.813829886	0.005550083
633.9703225	1.81374736	0.005536408
634.7518272	1.813665138	0.005522783
635.5333319	1.813583219	0.005509209
636.3148365	1.813501601	0.005495685
637.0963412	1.813420284	0.00548221
637.8778459	1.813339266	0.005468785
638.6593506	1.813258545	0.00545541
639.4408553	1.81317812	0.005442083
640.22236	1.813097989	0.005428805
641.0038646	1.81301815	0.005415576
641.7853693	1.812938604	0.005402394
642.566874	1.812859347	0.005389261
643.3483787	1.812780379	0.005376176
644.1298834	1.812701699	0.005363139
644.9113881	1.812623304	0.005350148
645.6928927	1.812545194	0.005337205
646.4743974	1.812467366	0.005324309
647.2559021	1.812389821	0.00531146
648.0374068	1.812312556	0.005298656
648.8189115	1.81223557	0.0052859
649.6004162	1.812158861	0.005273189
650.3819209	1.812082429	0.005260524
651.1634255	1.812006272	0.005247904
651.9449302	1.811930389	0.00523533
652.7264349	1.811854778	0.005222801
653.5079396	1.811779439	0.005210317
654.2894443	1.811704369	0.005197878
655.070949	1.811629567	0.005185483
655.8524536	1.811555033	0.005173133
656.6339583	1.811480765	0.005160826
657.415463	1.811406761	0.005148564
658.1969677	1.811333021	0.005136345
658.9784724	1.811259543	0.005124169
659.7599771	1.811186326	0.005112037
660.5414817	1.811113369	0.005099948
661.3229864	1.81104067	0.005087901
662.1044911	1.810968229	0.005075898
662.8859958	1.810896043	0.005063936
663.6675005	1.810824113	0.005052017
664.4490052	1.810752436	0.00504014
665.2305099	1.810681012	0.005028305
666.0120145	1.810609838	0.005016511
666.7935192	1.810538915	0.005004759
667.5750239	1.810468241	0.004993048
668.3565286	1.810397815	0.004981378
669.1380333	1.810327635	0.004969749
669.919538	1.810257701	0.004958161
670.7010426	1.810188011	0.004946613
671.4825473	1.810118564	0.004935106
672.264052	1.81004936	0.004923638
673.0455567	1.809980396	0.004912211
673.8270614	1.809911672	0.004900823
674.6085661	1.809843187	0.004889475
675.3900707	1.809774939	0.004878166
676.1715754	1.809706928	0.004866896
676.9530801	1.809639152	0.004855666
677.7345848	1.809571611	0.004844474
678.5160895	1.809504303	0.004833321
679.2975942	1.809437227	0.004822206
680.0790989	1.809370382	0.00481113
680.8606035	1.809303767	0.004800091
681.6421082	1.809237381	0.004789091
682.4236129	1.809171223	0.004778128
683.2051176	1.809105292	0.004767204
683.9866223	1.809039587	0.004756316
684.768127	1.808974107	0.004745466
685.5496316	1.80890885	0.004734653
686.3311363	1.808843817	0.004723876
687.112641	1.808779005	0.004713137
687.8941457	1.808714413	0.004702434
688.6756504	1.808650042	0.004691767
689.4571551	1.808585889	0.004681137
690.2386597	1.808521955	0.004670543
691.0201644	1.808458237	0.004659985
691.8016691	1.808394734	0.004649462
692.5831738	1.808331447	0.004638975
693.3646785	1.808268373	0.004628524
694.1461832	1.808205513	0.004618107
694.9276879	1.808142864	0.004607726
695.7091925	1.808080427	0.00459738
696.4906972	1.808018199	0.004587069
697.2722019	1.807956181	0.004576792
698.0537066	1.80789437	0.00456655
698.8352113	1.807832767	0.004556342
699.616716	1.807771371	0.004546169
700.3982206	1.807710179	0.004536029
701.1797253	1.807649193	0.004525924
701.96123	1.807588409	0.004515852
702.7427347	1.807527829	0.004505813
703.5242394	1.80746745	0.004495808
704.3057441	1.807407272	0.004485837
705.0872487	1.807347294	0.004475898
705.8687534	1.807287515	0.004465993
706.6502581	1.807227935	0.00445612
707.4317628	1.807168552	0.00444628
708.2132675	1.807109365	0.004436473
708.9947722	1.807050374	0.004426698
709.7762769	1.806991577	0.004416955
710.5577815	1.806932975	0.004407244
711.3392862	1.806874565	0.004397566
712.1207909	1.806816348	0.004387919
712.9022956	1.806758322	0.004378304
713.6838003	1.806700487	0.00436872
714.465305	1.806642841	0.004359168
715.2468096	1.806585384	0.004349647
716.0283143	1.806528115	0.004340158
716.809819	1.806471034	0.004330699
717.5913237	1.806414139	0.004321272
718.3728284	1.806357429	0.004311875
719.1543331	1.806300904	0.004302508
719.9358377	1.806244563	0.004293172
720.7173424	1.806188406	0.004283867
721.4988471	1.80613243	0.004274592
722.2803518	1.806076637	0.004265346
723.0618565	1.806021024	0.004256131
723.8433612	1.805965591	0.004246946
724.6248659	1.805910337	0.00423779
725.4063705	1.805855262	0.004228664
726.1878752	1.805800365	0.004219567
726.9693799	1.805745644	0.0042105
727.7508846	1.8056911	0.004201462
728.5323893	1.805636731	0.004192453
729.313894	1.805582537	0.004183473
730.0953986	1.805528517	0.004174521
730.8769033	1.80547467	0.004165599
731.658408	1.805420995	0.004156705
732.4399127	1.805367492	0.004147839
733.2214174	1.805314161	0.004139002
734.0029221	1.805260999	0.004130193
734.7844267	1.805208007	0.004121412
735.5659314	1.805155184	0.004112659
736.3474361	1.805102528	0.004103934
737.1289408	1.805050041	0.004095237
737.9104455	1.80499772	0.004086567
738.6919502	1.804945565	0.004077925
739.4734549	1.804893575	0.00406931
740.2549595	1.804841749	0.004060722
741.0364642	1.804790088	0.004052162
741.8179689	1.80473859	0.004043628
742.5994736	1.804687254	0.004035122
743.3809783	1.80463608	0.004026642
744.162483	1.804585068	0.004018189
744.9439876	1.804534215	0.004009763
745.7254923	1.804483523	0.004001363
746.506997	1.804432989	0.003992989
747.2885017	1.804382615	0.003984642
748.0700064	1.804332397	0.003976321
748.8515111	1.804282337	0.003968026
749.6330158	1.804232434	0.003959757
750.4145204	1.804182686	0.003951513
751.1960251	1.804133094	0.003943296
751.9775298	1.804083656	0.003935104
752.7590345	1.804034372	0.003926937
753.5405392	1.803985241	0.003918796
754.3220439	1.803936263	0.00391068
755.1035485	1.803887437	0.00390259
755.8850532	1.803838762	0.003894524
756.6665579	1.803790238	0.003886484
757.4480626	1.803741864	0.003878468
758.2295673	1.80369364	0.003870477
759.011072	1.803645564	0.003862511
759.7925766	1.803597637	0.003854569
760.5740813	1.803549857	0.003846652
761.355586	1.803502225	0.003838759
762.1370907	1.803454739	0.00383089
762.9185954	1.803407398	0.003823046
763.7001001	1.803360203	0.003815226
764.4816048	1.803313153	0.003807429
765.2631094	1.803266247	0.003799657
766.0446141	1.803219484	0.003791908
766.8261188	1.803172864	0.003784183
767.6076235	1.803126387	0.003776481
768.3891282	1.803080051	0.003768803
769.1706329	1.803033856	0.003761149
769.9521375	1.802987802	0.003753518
770.7336422	1.802941888	0.00374591
771.5151469	1.802896114	0.003738325
772.2966516	1.802850478	0.003730763
773.0781563	1.802804981	0.003723224
773.859661	1.802759621	0.003715707
774.6411656	1.802714399	0.003708214
775.4226703	1.802669313	0.003700743
776.204175	1.802624363	0.003693295
776.9856797	1.802579549	0.003685869
777.7671844	1.80253487	0.003678465
778.5486891	1.802490326	0.003671084
779.3301938	1.802445915	0.003663725
780.1116984	1.802401638	0.003656388
780.8932031	1.802357494	0.003649074
781.6747078	1.802313482	0.003641781
782.4562125	1.802269602	0.00363451
783.2377172	1.802225853	0.00362726
784.0192219	1.802182235	0.003620033
784.8007265	1.802138747	0.003612827
785.5822312	1.802095389	0.003605642
786.3637359	1.80205216	0.003598479
787.1452406	1.802009059	0.003591337
787.9267453	1.801966087	0.003584216
788.70825	1.801923243	0.003577117
789.4897546	1.801880526	0.003570039
790.2712593	1.801837935	0.003562981
791.052764	1.801795471	0.003555945
791.8342687	1.801753132	0.003548929
792.6157734	1.801710919	0.003541934
793.3972781	1.80166883	0.00353496
794.1787828	1.801626865	0.003528006
794.9602874	1.801585024	0.003521073
795.7417921	1.801543306	0.00351416
796.5232968	1.801501711	0.003507268
797.3048015	1.801460238	0.003500396
798.0863062	1.801418887	0.003493544
798.8678109	1.801377658	0.003486712
799.6493155	1.801336549	0.0034799
800.4308202	1.80129556	0.003473108
801.2123249	1.801254692	0.003466336
801.9938296	1.801213942	0.003459584
802.7753343	1.801173312	0.003452851
803.556839	1.8011328	0.003446138
804.3383436	1.801092407	0.003439445
805.1198483	1.80105213	0.003432771
805.901353	1.801011971	0.003426117
806.6828577	1.800971929	0.003419481
807.4643624	1.800932003	0.003412866
808.2458671	1.800892192	0.003406269
809.0273718	1.800852497	0.003399691
809.8088764	1.800812917	0.003393133
810.5903811	1.800773451	0.003386593
811.3718858	1.800734099	0.003380072
812.1533905	1.800694861	0.003373571
812.9348952	1.800655736	0.003367087
813.7163999	1.800616723	0.003360623
814.4979045	1.800577823	0.003354177
815.2794092	1.800539034	0.00334775
816.0609139	1.800500357	0.003341341
816.8424186	1.800461791	0.00333495
817.6239233	1.800423335	0.003328578
818.405428	1.80038499	0.003322224
819.1869326	1.800346754	0.003315888
819.9684373	1.800308628	0.003309571
820.749942	1.80027061	0.003303271
821.5314467	1.800232701	0.003296989
822.3129514	1.8001949	0.003290725
823.0944561	1.800157206	0.00328448
823.8759608	1.80011962	0.003278251
824.6574654	1.80008214	0.003272041
825.4389701	1.800044767	0.003265848
826.2204748	1.8000075	0.003259673
827.0019795	1.799970338	0.003253515
827.7834842	1.799933282	0.003247375
828.5649889	1.79989633	0.003241252
829.3464935	1.799859483	0.003235146
830.1279982	1.79982274	0.003229058
830.9095029	1.799786101	0.003222986
831.6910076	1.799749565	0.003216932
832.4725123	1.799713131	0.003210895
833.254017	1.7996768	0.003204875
834.0355216	1.799640571	0.003198872
834.8170263	1.799604444	0.003192885
835.598531	1.799568418	0.003186916
836.3800357	1.799532494	0.003180963
837.1615404	1.799496669	0.003175027
837.9430451	1.799460945	0.003169107
838.7245498	1.799425321	0.003163204
839.5060544	1.799389796	0.003157317
840.2875591	1.79935437	0.003151447
841.0690638	1.799319043	0.003145593
841.8505685	1.799283814	0.003139756
842.6320732	1.799248683	0.003133935
843.4135779	1.79921365	0.00312813
844.1950825	1.799178714	0.003122341
844.9765872	1.799143875	0.003116568
845.7580919	1.799109133	0.003110811
846.5395966	1.799074486	0.00310507
847.3211013	1.799039936	0.003099345
848.102606	1.799005481	0.003093635
848.8841106	1.798971121	0.003087942
849.6656153	1.798936856	0.003082264
850.44712	1.798902685	0.003076602
851.2286247	1.798868608	0.003070955
852.0101294	1.798834625	0.003065324
852.7916341	1.798800736	0.003059708
853.5731388	1.798766939	0.003054108
854.3546434	1.798733236	0.003048523
855.1361481	1.798699624	0.003042954
855.9176528	1.798666105	0.0030374
856.6991575	1.798632677	0.003031861
857.4806622	1.798599341	0.003026337
858.2621669	1.798566095	0.003020828
859.0436715	1.798532941	0.003015334
859.8251762	1.798499876	0.003009855
860.6066809	1.798466902	0.003004391
861.3881856	1.798434018	0.002998942
862.1696903	1.798401222	0.002993508
862.951195	1.798368516	0.002988088
863.7326997	1.798335899	0.002982684
864.5142043	1.79830337	0.002977293
865.295709	1.798270929	0.002971918
866.0772137	1.798238576	0.002966557
866.8587184	1.79820631	0.00296121
867.6402231	1.798174132	0.002955878
868.4217278	1.79814204	0.002950561
869.2032324	1.798110035	0.002945257
869.9847371	1.798078116	0.002939968
870.7662418	1.798046283	0.002934693
871.5477465	1.798014536	0.002929433
872.3292512	1.797982874	0.002924186
873.1107559	1.797951297	0.002918954
873.8922605	1.797919804	0.002913736
874.6737652	1.797888396	0.002908531
875.4552699	1.797857072	0.002903341
876.2367746	1.797825832	0.002898164
877.0182793	1.797794675	0.002893001
877.799784	1.797763601	0.002887852
878.5812887	1.797732611	0.002882717
879.3627933	1.797701703	0.002877595
880.144298	1.797670877	0.002872488
880.9258027	1.797640133	0.002867393
881.7073074	1.797609471	0.002862312
882.4888121	1.79757889	0.002857245
883.2703168	1.797548391	0.002852191
884.0518214	1.797517972	0.002847151
884.8333261	1.797487634	0.002842124
885.6148308	1.797457376	0.00283711
886.3963355	1.797427198	0.002832109
887.1778402	1.7973971	0.002827122
887.9593449	1.797367082	0.002822148
888.7408495	1.797337142	0.002817187
889.5223542	1.797307281	0.002812239
890.3038589	1.797277499	0.002807304
891.0853636	1.797247796	0.002802382
891.8668683	1.79721817	0.002797473
892.648373	1.797188622	0.002792576
893.4298777	1.797159152	0.002787693
894.2113823	1.797129758	0.002782823
894.992887	1.797100442	0.002777965
895.7743917	1.797071203	0.00277312
896.5558964	1.79704204	0.002768287
897.3374011	1.797012953	0.002763468
898.1189058	1.796983942	0.00275866
898.9004104	1.796955006	0.002753866
899.6819151	1.796926146	0.002749084