300.2678223	1.484650032	0
301.049327	1.484429491	0
301.8308317	1.484210757	0
302.6123364	1.48399381	0
303.393841	1.483778629	0
304.1753457	1.483565197	0
304.9568504	1.483353493	0
305.7383551	1.483143499	0
306.5198598	1.482935196	0
307.3013645	1.482728567	0
308.0828692	1.482523592	0
308.8643738	1.482320254	0
309.6458785	1.482118535	0
310.4273832	1.481918418	0
311.2088879	1.481719886	0
311.9903926	1.481522922	0
312.7718973	1.481327509	0
313.5534019	1.481133631	0
314.3349066	1.480941272	0
315.1164113	1.480750415	0
315.897916	1.480561045	0
316.6794207	1.480373146	0
317.4609254	1.480186703	0
318.24243	1.480001701	0
319.0239347	1.479818124	0
319.8054394	1.479635958	0
320.5869441	1.479455188	0
321.3684488	1.479275801	0
322.1499535	1.47909778	0
322.9314582	1.478921114	0
323.7129628	1.478745787	0
324.4944675	1.478571786	0
325.2759722	1.478399098	0
326.0574769	1.47822771	0
326.8389816	1.478057607	0
327.6204863	1.477888777	0
328.4019909	1.477721208	0
329.1834956	1.477554887	0
329.9650003	1.477389801	0
330.746505	1.477225937	0
331.5280097	1.477063284	0
332.3095144	1.47690183	0
333.091019	1.476741563	0
333.8725237	1.476582471	0
334.6540284	1.476424542	0
335.4355331	1.476267765	0
336.2170378	1.476112129	0
336.9985425	1.475957622	0
337.7800472	1.475804234	0
338.5615518	1.475651954	0
339.3430565	1.47550077	0
340.1245612	1.475350673	0
340.9060659	1.475201652	0
341.6875706	1.475053696	0
342.4690753	1.474906795	0
343.2505799	1.474760939	0
344.0320846	1.474616118	0
344.8135893	1.474472323	0
345.595094	1.474329543	0
346.3765987	1.474187769	0
347.1581034	1.474046991	0
347.939608	1.4739072	0
348.7211127	1.473768387	0
349.5026174	1.473630542	0
350.2841221	1.473493656	0
351.0656268	1.473357721	0
351.8471315	1.473222727	0
352.6286362	1.473088666	0
353.4101408	1.472955529	0
354.1916455	1.472823308	0
354.9731502	1.472691993	0
355.7546549	1.472561578	0
356.5361596	1.472432052	0
357.3176643	1.47230341	0
358.0991689	1.472175641	0
358.8806736	1.472048739	0
359.6621783	1.471922695	0
360.443683	1.471797501	0
361.2251877	1.47167315	0
362.0066924	1.471549635	0
362.788197	1.471426947	0
363.5697017	1.47130508	0
364.3512064	1.471184025	0
365.1327111	1.471063776	0
365.9142158	1.470944326	0
366.6957205	1.470825667	0
367.4772252	1.470707792	0
368.2587298	1.470590694	0
369.0402345	1.470474367	0
369.8217392	1.470358803	0
370.6032439	1.470243996	0
371.3847486	1.47012994	0
372.1662533	1.470016627	0
372.9477579	1.469904051	0
373.7292626	1.469792206	0
374.5107673	1.469681086	0
375.292272	1.469570683	0
376.0737767	1.469460992	0
376.8552814	1.469352007	0
377.636786	1.469243722	0
378.4182907	1.46913613	0
379.1997954	1.469029225	0
379.9813001	1.468923002	0
380.7628048	1.468817456	0
381.5443095	1.468712579	0
382.3258142	1.468608367	0
383.1073188	1.468504813	0
383.8888235	1.468401912	0
384.6703282	1.46829966	0
385.4518329	1.468198049	0
386.2333376	1.468097075	0
387.0148423	1.467996732	0
387.7963469	1.467897016	0
388.5778516	1.46779792	0
389.3593563	1.46769944	0
390.140861	1.467601571	0
390.9223657	1.467504307	0
391.7038704	1.467407644	0
392.485375	1.467311576	0
393.2668797	1.467216098	0
394.0483844	1.467121206	0
394.8298891	1.467026895	0
395.6113938	1.466933161	0
396.3928985	1.466839997	0
397.1744032	1.466747401	0
397.9559078	1.466655366	0
398.7374125	1.466563889	0
399.5189172	1.466472965	0
400.3004219	1.466382589	0
401.0819266	1.466292758	0
401.8634313	1.466203466	0
402.6449359	1.466114709	0
403.4264406	1.466026484	0
404.2079453	1.465938785	0
404.98945	1.465851609	0
405.7709547	1.465764951	0
406.5524594	1.465678807	0
407.3339641	1.465593174	0
408.1154687	1.465508046	0
408.8969734	1.465423421	0
409.6784781	1.465339294	0
410.4599828	1.465255661	0
411.2414875	1.465172518	0
412.0229922	1.465089862	0
412.8044968	1.465007688	0
413.5860015	1.464925994	0
414.3675062	1.464844774	0
415.1490109	1.464764026	0
415.9305156	1.464683746	0
416.7120203	1.464603929	0
417.4935249	1.464524574	0
418.2750296	1.464445675	0
419.0565343	1.464367229	0
419.838039	1.464289234	0
420.6195437	1.464211685	0
421.4010484	1.464134579	0
422.1825531	1.464057913	0
422.9640577	1.463981683	0
423.7455624	1.463905886	0
424.5270671	1.463830519	0
425.3085718	1.463755578	0
426.0900765	1.46368106	0
426.8715812	1.463606963	0
427.6530858	1.463533282	0
428.4345905	1.463460015	0
429.2160952	1.463387158	0
429.9975999	1.463314709	0
430.7791046	1.463242664	0
431.5606093	1.463171021	0
432.3421139	1.463099776	0
433.1236186	1.463028927	0
433.9051233	1.46295847	0
434.686628	1.462888402	0
435.4681327	1.462818722	0
436.2496374	1.462749425	0
437.0311421	1.462680509	0
437.8126467	1.462611972	0
438.5941514	1.46254381	0
439.3756561	1.46247602	0
440.1571608	1.462408601	0
440.9386655	1.462341548	0
441.7201702	1.462274861	0
442.5016748	1.462208535	0
443.2831795	1.462142568	0
444.0646842	1.462076959	0
444.8461889	1.462011703	0
445.6276936	1.461946799	0
446.4091983	1.461882243	0
447.1907029	1.461818035	0
447.9722076	1.46175417	0
448.7537123	1.461690647	0
449.535217	1.461627462	0
450.3167217	1.461564615	0
451.0982264	1.461502102	0
451.8797311	1.46143992	0
452.6612357	1.461378068	0
453.4427404	1.461316544	0
454.2242451	1.461255344	0
455.0057498	1.461194467	0
455.7872545	1.46113391	0
456.5687592	1.461073671	0
457.3502638	1.461013747	0
458.1317685	1.460954138	0
458.9132732	1.46089484	0
459.6947779	1.460835851	0
460.4762826	1.460777169	0
461.2577873	1.460718792	0
462.0392919	1.460660717	0
462.8207966	1.460602944	0
463.6023013	1.460545469	0
464.383806	1.46048829	0
465.1653107	1.460431406	0
465.9468154	1.460374815	0
466.7283201	1.460318514	0
467.5098247	1.460262501	0
468.2913294	1.460206775	0
469.0728341	1.460151333	0
469.8543388	1.460096174	0
470.6358435	1.460041296	0
471.4173482	1.459986696	0
472.1988528	1.459932373	0
472.9803575	1.459878325	0
473.7618622	1.45982455	0
474.5433669	1.459771047	0
475.3248716	1.459717812	0
476.1063763	1.459664846	0
476.8878809	1.459612145	0
477.6693856	1.459559708	0
478.4508903	1.459507534	0
479.232395	1.45945562	0
480.0138997	1.459403964	0
480.7954044	1.459352566	0
481.5769091	1.459301423	0
482.3584137	1.459250533	0
483.1399184	1.459199896	0
483.9214231	1.459149509	0
484.7029278	1.45909937	0
485.4844325	1.459049479	0
486.2659372	1.458999832	0
487.0474418	1.45895043	0
487.8289465	1.458901269	0
488.6104512	1.458852349	0
489.3919559	1.458803668	0
490.1734606	1.458755225	0
490.9549653	1.458707017	0
491.7364699	1.458659044	0
492.5179746	1.458611303	0
493.2994793	1.458563794	0
494.080984	1.458516514	0
494.8624887	1.458469463	0
495.6439934	1.458422639	0
496.4254981	1.45837604	0
497.2070027	1.458329664	0
497.9885074	1.458283512	0
498.7700121	1.45823758	0
499.5515168	1.458191868	0
500.3330215	1.458146374	0
501.1145262	1.458101097	0
501.8960308	1.458056035	0
502.6775355	1.458011188	0
503.4590402	1.457966553	0
504.2405449	1.45792213	0
505.0220496	1.457877916	0
505.8035543	1.457833911	0
506.5850589	1.457790114	0
507.3665636	1.457746523	0
508.1480683	1.457703136	0
508.929573	1.457659953	0
509.7110777	1.457616972	0
510.4925824	1.457574193	0
511.2740871	1.457531612	0
512.0555917	1.457489231	0
512.8370964	1.457447046	0
513.6186011	1.457405057	0
514.4001058	1.457363264	0
515.1816105	1.457321663	0
515.9631152	1.457280255	0
516.7446198	1.457239039	0
517.5261245	1.457198012	0
518.3076292	1.457157174	0
519.0891339	1.457116523	0
519.8706386	1.45707606	0
520.6521433	1.457035781	0
521.433648	1.456995687	0
522.2151526	1.456955776	0
522.9966573	1.456916046	0
523.778162	1.456876498	0
524.5596667	1.456837129	0
525.3411714	1.45679794	0
526.1226761	1.456758927	0
526.9041807	1.456720091	0
527.6856854	1.456681431	0
528.4671901	1.456642945	0
529.2486948	1.456604632	0
530.0301995	1.456566492	0
530.8117042	1.456528523	0
531.5932088	1.456490724	0
532.3747135	1.456453094	0
533.1562182	1.456415632	0
533.9377229	1.456378338	0
534.7192276	1.45634121	0
535.5007323	1.456304247	0
536.282237	1.456267448	0
537.0637416	1.456230812	0
537.8452463	1.456194339	0
538.626751	1.456158027	0
539.4082557	1.456121875	0
540.1897604	1.456085883	0
540.9712651	1.456050049	0
541.7527697	1.456014373	0
542.5342744	1.455978854	0
543.3157791	1.45594349	0
544.0972838	1.45590828	0
544.8787885	1.455873225	0
545.6602932	1.455838323	0
546.4417978	1.455803573	0
547.2233025	1.455768974	0
548.0048072	1.455734525	0
548.7863119	1.455700225	0
549.5678166	1.455666075	0
550.3493213	1.455632072	0
551.130826	1.455598216	0
551.9123306	1.455564506	0
552.6938353	1.455530941	0
553.47534	1.45549752	0
554.2568447	1.455464243	0
555.0383494	1.455431108	0
555.8198541	1.455398116	0
556.6013587	1.455365264	0
557.3828634	1.455332553	0
558.1643681	1.455299981	0
558.9458728	1.455267548	0
559.7273775	1.455235253	0
560.5088822	1.455203094	0
561.2903868	1.455171073	0
562.0718915	1.455139186	0
562.8533962	1.455107434	0
563.6349009	1.455075817	0
564.4164056	1.455044332	0
565.1979103	1.455012981	0
565.979415	1.45498176	0
566.7609196	1.454950671	0
567.5424243	1.454919712	0
568.323929	1.454888883	0
569.1054337	1.454858183	0
569.8869384	1.45482761	0
570.6684431	1.454797165	0
571.4499477	1.454766847	0
572.2314524	1.454736654	0
573.0129571	1.454706587	0
573.7944618	1.454676645	0
574.5759665	1.454646826	0
575.3574712	1.454617131	0
576.1389758	1.454587558	0
576.9204805	1.454558107	0
577.7019852	1.454528777	0
578.4834899	1.454499568	0
579.2649946	1.454470478	0
580.0464993	1.454441508	0
580.828004	1.454412656	0
581.6095086	1.454383922	0
582.3910133	1.454355305	0
583.172518	1.454326805	0
583.9540227	1.454298421	0
584.7355274	1.454270153	0
585.5170321	1.454241999	0
586.2985367	1.454213959	0
587.0800414	1.454186032	0
587.8615461	1.454158219	0
588.6430508	1.454130517	0
589.4245555	1.454102928	0
590.2060602	1.454075449	0
590.9875648	1.454048081	0
591.7690695	1.454020823	0
592.5505742	1.453993674	0
593.3320789	1.453966633	0
594.1135836	1.453939701	0
594.8950883	1.453912876	0
595.676593	1.453886158	0
596.4580976	1.453859547	0
597.2396023	1.453833041	0
598.021107	1.453806641	0
598.8026117	1.453780345	0
599.5841164	1.453754154	0
600.3656211	1.453728066	0
601.1471257	1.453702081	0
601.9286304	1.453676199	0
602.7101351	1.453650418	0
603.4916398	1.453624739	0
604.2731445	1.453599161	0
605.0546492	1.453573683	0
605.8361538	1.453548305	0
606.6176585	1.453523027	0
607.3991632	1.453497847	0
608.1806679	1.453472765	0
608.9621726	1.453447781	0
609.7436773	1.453422895	0
610.525182	1.453398105	0
611.3066866	1.453373412	0
612.0881913	1.453348814	0
612.869696	1.453324311	0
613.6512007	1.453299903	0
614.4327054	1.45327559	0
615.2142101	1.45325137	0
615.9957147	1.453227243	0
616.7772194	1.45320321	0
617.5587241	1.453179269	0
618.3402288	1.453155419	0
619.1217335	1.453131661	0
619.9032382	1.453107994	0
620.6847428	1.453084417	0
621.4662475	1.453060931	0
622.2477522	1.453037533	0
623.0292569	1.453014225	0
623.8107616	1.452991006	0
624.5922663	1.452967875	0
625.373771	1.452944831	0
626.1552756	1.452921875	0
626.9367803	1.452899006	0
627.718285	1.452876223	0
628.4997897	1.452853526	0
629.2812944	1.452830914	0
630.0627991	1.452808388	0
630.8443037	1.452785946	0
631.6258084	1.452763589	0
632.4073131	1.452741315	0
633.1888178	1.452719125	0
633.9703225	1.452697018	0
634.7518272	1.452674993	0
635.5333319	1.452653051	0
636.3148365	1.45263119	0
637.0963412	1.452609411	0
637.8778459	1.452587713	0
638.6593506	1.452566095	0
639.4408553	1.452544557	0
640.22236	1.452523099	0
641.0038646	1.452501721	0
641.7853693	1.452480421	0
642.566874	1.4524592	0
643.3483787	1.452438058	0
644.1298834	1.452416993	0
644.9113881	1.452396005	0
645.6928927	1.452375094	0
646.4743974	1.452354261	0
647.2559021	1.452333503	0
648.0374068	1.452312821	0
648.8189115	1.452292215	0
649.6004162	1.452271684	0
650.3819209	1.452251228	0
651.1634255	1.452230846	0
651.9449302	1.452210539	0
652.7264349	1.452190305	0
653.5079396	1.452170144	0
654.2894443	1.452150057	0
655.070949	1.452130042	0
655.8524536	1.452110099	0
656.6339583	1.452090229	0
657.415463	1.45207043	0
658.1969677	1.452050702	0
658.9784724	1.452031045	0
659.7599771	1.452011459	0
660.5414817	1.451991943	0
661.3229864	1.451972497	0
662.1044911	1.45195312	0
662.8859958	1.451933813	0
663.6675005	1.451914575	0
664.4490052	1.451895405	0
665.2305099	1.451876304	0
666.0120145	1.45185727	0
666.7935192	1.451838304	0
667.5750239	1.451819405	0
668.3565286	1.451800574	0
669.1380333	1.451781809	0
669.919538	1.45176311	0
670.7010426	1.451744477	0
671.4825473	1.45172591	0
672.264052	1.451707409	0
673.0455567	1.451688972	0
673.8270614	1.451670601	0
674.6085661	1.451652293	0
675.3900707	1.45163405	0
676.1715754	1.451615871	0
676.9530801	1.451597756	0
677.7345848	1.451579703	0
678.5160895	1.451561714	0
679.2975942	1.451543788	0
680.0790989	1.451525923	0
680.8606035	1.451508121	0
681.6421082	1.451490381	0
682.4236129	1.451472702	0
683.2051176	1.451455085	0
683.9866223	1.451437529	0
684.768127	1.451420033	0
685.5496316	1.451402598	0
686.3311363	1.451385222	0
687.112641	1.451367907	0
687.8941457	1.451350651	0
688.6756504	1.451333455	0
689.4571551	1.451316317	0
690.2386597	1.451299239	0
691.0201644	1.451282218	0
691.8016691	1.451265256	0
692.5831738	1.451248352	0
693.3646785	1.451231506	0
694.1461832	1.451214717	0
694.9276879	1.451197986	0
695.7091925	1.451181311	0
696.4906972	1.451164693	0
697.2722019	1.451148131	0
698.0537066	1.451131625	0
698.8352113	1.451115176	0
699.616716	1.451098782	0
700.3982206	1.451082443	0
701.1797253	1.451066159	0
701.96123	1.451049931	0
702.7427347	1.451033757	0
703.5242394	1.451017637	0
704.3057441	1.451001572	0
705.0872487	1.45098556	0
705.8687534	1.450969602	0
706.6502581	1.450953698	0
707.4317628	1.450937846	0
708.2132675	1.450922048	0
708.9947722	1.450906303	0
709.7762769	1.450890609	0
710.5577815	1.450874968	0
711.3392862	1.45085938	0
712.1207909	1.450843842	0
712.9022956	1.450828357	0
713.6838003	1.450812923	0
714.465305	1.450797539	0
715.2468096	1.450782207	0
716.0283143	1.450766926	0
716.809819	1.450751694	0
717.5913237	1.450736513	0
718.3728284	1.450721382	0
719.1543331	1.450706301	0
719.9358377	1.450691269	0
720.7173424	1.450676287	0
721.4988471	1.450661353	0
722.2803518	1.450646469	0
723.0618565	1.450631633	0
723.8433612	1.450616846	0
724.6248659	1.450602107	0
725.4063705	1.450587416	0
726.1878752	1.450572773	0
726.9693799	1.450558177	0
727.7508846	1.450543629	0
728.5323893	1.450529128	0
729.313894	1.450514675	0
730.0953986	1.450500268	0
730.8769033	1.450485907	0
731.658408	1.450471593	0
732.4399127	1.450457325	0
733.2214174	1.450443103	0
734.0029221	1.450428927	0
734.7844267	1.450414797	0
735.5659314	1.450400712	0
736.3474361	1.450386672	0
737.1289408	1.450372677	0
737.9104455	1.450358727	0
738.6919502	1.450344822	0
739.4734549	1.450330961	0
740.2549595	1.450317145	0
741.0364642	1.450303372	0
741.8179689	1.450289643	0
742.5994736	1.450275959	0
743.3809783	1.450262317	0
744.162483	1.450248719	0
744.9439876	1.450235164	0
745.7254923	1.450221652	0
746.506997	1.450208183	0
747.2885017	1.450194756	0
748.0700064	1.450181372	0
748.8515111	1.45016803	0
749.6330158	1.45015473	0
750.4145204	1.450141472	0
751.1960251	1.450128256	0
751.9775298	1.450115081	0
752.7590345	1.450101948	0
753.5405392	1.450088855	0
754.3220439	1.450075804	0
755.1035485	1.450062794	0
755.8850532	1.450049824	0
756.6665579	1.450036895	0
757.4480626	1.450024006	0
758.2295673	1.450011157	0
759.011072	1.449998349	0
759.7925766	1.44998558	0
760.5740813	1.44997285	0
761.355586	1.449960161	0
762.1370907	1.44994751	0
762.9185954	1.449934899	0
763.7001001	1.449922327	0
764.4816048	1.449909794	0
765.2631094	1.449897299	0
766.0446141	1.449884843	0
766.8261188	1.449872425	0
767.6076235	1.449860046	0
768.3891282	1.449847704	0
769.1706329	1.449835401	0
769.9521375	1.449823135	0
770.7336422	1.449810907	0
771.5151469	1.449798716	0
772.2966516	1.449786562	0
773.0781563	1.449774446	0
773.859661	1.449762367	0
774.6411656	1.449750324	0
775.4226703	1.449738318	0
776.204175	1.449726349	0
776.9856797	1.449714416	0
777.7671844	1.449702519	0
778.5486891	1.449690658	0
779.3301938	1.449678834	0
780.1116984	1.449667045	0
780.8932031	1.449655292	0
781.6747078	1.449643574	0
782.4562125	1.449631892	0
783.2377172	1.449620244	0
784.0192219	1.449608632	0
784.8007265	1.449597055	0
785.5822312	1.449585513	0
786.3637359	1.449574005	0
787.1452406	1.449562532	0
787.9267453	1.449551094	0
788.70825	1.449539689	0
789.4897546	1.449528319	0
790.2712593	1.449516982	0
791.052764	1.44950568	0
791.8342687	1.449494411	0
792.6157734	1.449483175	0
793.3972781	1.449471974	0
794.1787828	1.449460805	0
794.9602874	1.44944967	0
795.7417921	1.449438567	0
796.5232968	1.449427498	0
797.3048015	1.449416461	0
798.0863062	1.449405457	0
798.8678109	1.449394486	0
799.6493155	1.449383547	0
800.4308202	1.44937264	0
801.2123249	1.449361765	0
801.9938296	1.449350922	0
802.7753343	1.449340112	0
803.556839	1.449329333	0
804.3383436	1.449318585	0
805.1198483	1.449307869	0
805.901353	1.449297185	0
806.6828577	1.449286532	0
807.4643624	1.449275909	0
808.2458671	1.449265318	0
809.0273718	1.449254758	0
809.8088764	1.449244229	0
810.5903811	1.44923373	0
811.3718858	1.449223262	0
812.1533905	1.449212824	0
812.9348952	1.449202417	0
813.7163999	1.449192039	0
814.4979045	1.449181692	0
815.2794092	1.449171375	0
816.0609139	1.449161087	0
816.8424186	1.44915083	0
817.6239233	1.449140602	0
818.405428	1.449130403	0
819.1869326	1.449120234	0
819.9684373	1.449110094	0
820.749942	1.449099983	0
821.5314467	1.449089901	0
822.3129514	1.449079849	0
823.0944561	1.449069825	0
823.8759608	1.449059829	0
824.6574654	1.449049863	0
825.4389701	1.449039925	0
826.2204748	1.449030015	0
827.0019795	1.449020133	0
827.7834842	1.44901028	0
828.5649889	1.449000455	0
829.3464935	1.448990657	0
830.1279982	1.448980888	0
830.9095029	1.448971146	0
831.6910076	1.448961432	0
832.4725123	1.448951745	0
833.254017	1.448942086	0
834.0355216	1.448932454	0
834.8170263	1.44892285	0
835.598531	1.448913272	0
836.3800357	1.448903722	0
837.1615404	1.448894198	0
837.9430451	1.448884702	0
838.7245498	1.448875232	0
839.5060544	1.448865788	0
840.2875591	1.448856371	0
841.0690638	1.448846981	0
841.8505685	1.448837617	0
842.6320732	1.448828279	0
843.4135779	1.448818967	0
844.1950825	1.448809681	0
844.9765872	1.448800421	0
845.7580919	1.448791187	0
846.5395966	1.448781979	0
847.3211013	1.448772796	0
848.102606	1.448763639	0
848.8841106	1.448754507	0
849.6656153	1.448745401	0
850.44712	1.44873632	0
851.2286247	1.448727264	0
852.0101294	1.448718233	0
852.7916341	1.448709227	0
853.5731388	1.448700246	0
854.3546434	1.44869129	0
855.1361481	1.448682359	0
855.9176528	1.448673452	0
856.6991575	1.44866457	0
857.4806622	1.448655712	0
858.2621669	1.448646878	0
859.0436715	1.448638069	0
859.8251762	1.448629284	0
860.6066809	1.448620523	0
861.3881856	1.448611785	0
862.1696903	1.448603072	0
862.951195	1.448594383	0
863.7326997	1.448585717	0
864.5142043	1.448577075	0
865.295709	1.448568457	0
866.0772137	1.448559862	0
866.8587184	1.44855129	0
867.6402231	1.448542742	0
868.4217278	1.448534217	0
869.2032324	1.448525715	0
869.9847371	1.448517236	0
870.7662418	1.44850878	0
871.5477465	1.448500347	0
872.3292512	1.448491936	0
873.1107559	1.448483549	0
873.8922605	1.448475184	0
874.6737652	1.448466842	0
875.4552699	1.448458522	0
876.2367746	1.448450224	0
877.0182793	1.448441949	0
877.799784	1.448433696	0
878.5812887	1.448425465	0
879.3627933	1.448417256	0
880.144298	1.448409069	0
880.9258027	1.448400905	0
881.7073074	1.448392762	0
882.4888121	1.44838464	0
883.2703168	1.448376541	0
884.0518214	1.448368463	0
884.8333261	1.448360406	0
885.6148308	1.448352371	0
886.3963355	1.448344358	0
887.1778402	1.448336365	0
887.9593449	1.448328394	0
888.7408495	1.448320444	0
889.5223542	1.448312515	0
890.3038589	1.448304607	0
891.0853636	1.44829672	0
891.8668683	1.448288854	0
892.648373	1.448281009	0
893.4298777	1.448273184	0
894.2113823	1.44826538	0
894.992887	1.448257596	0
895.7743917	1.448249833	0
896.5558964	1.448242091	0
897.3374011	1.448234368	0
898.1189058	1.448226666	0
898.9004104	1.448218985	0
899.6819151	1.509003089	0