301.00 	1.60014 	0.00095 
302.00 	1.59946 	0.00094 
303.00 	1.59879 	0.00094 
304.00 	1.59813 	0.00093 
305.00 	1.59747 	0.00093 
306.00 	1.59683 	0.00092 
307.00 	1.59619 	0.00092 
308.00 	1.59556 	0.00091 
309.00 	1.59493 	0.00091 
310.00 	1.59432 	0.00090 
311.00 	1.59371 	0.00090 
312.00 	1.59311 	0.00089 
313.00 	1.59251 	0.00089 
314.00 	1.59193 	0.00089 
315.00 	1.59135 	0.00088 
316.00 	1.59077 	0.00088 
317.00 	1.59021 	0.00087 
318.00 	1.58965 	0.00087 
319.00 	1.58909 	0.00086 
320.00 	1.58854 	0.00086 
321.00 	1.58800 	0.00086 
322.00 	1.58747 	0.00085 
323.00 	1.58694 	0.00085 
324.00 	1.58642 	0.00084 
325.00 	1.58590 	0.00084 
326.00 	1.58539 	0.00084 
327.00 	1.58489 	0.00083 
328.00 	1.58439 	0.00083 
329.00 	1.58390 	0.00083 
330.00 	1.58341 	0.00082 
331.00 	1.58292 	0.00082 
332.00 	1.58245 	0.00081 
333.00 	1.58198 	0.00081 
334.00 	1.58151 	0.00081 
335.00 	1.58105 	0.00080 
336.00 	1.58059 	0.00080 
337.00 	1.58014 	0.00080 
338.00 	1.57969 	0.00079 
339.00 	1.57925 	0.00079 
340.00 	1.57881 	0.00079 
341.00 	1.57838 	0.00078 
342.00 	1.57795 	0.00078 
343.00 	1.57753 	0.00078 
344.00 	1.57711 	0.00077 
345.00 	1.57670 	0.00077 
346.00 	1.57629 	0.00077 
347.00 	1.57588 	0.00076 
348.00 	1.57548 	0.00076 
349.00 	1.57508 	0.00076 
350.00 	1.57469 	0.00076 
351.00 	1.57430 	0.00075 
352.00 	1.57392 	0.00075 
353.00 	1.57354 	0.00075 
354.00 	1.57316 	0.00074 
355.00 	1.57279 	0.00074 
356.00 	1.57242 	0.00074 
357.00 	1.57205 	0.00074 
358.00 	1.57169 	0.00073 
359.00 	1.57133 	0.00073 
360.00 	1.57098 	0.00073 
361.00 	1.57062 	0.00072 
362.00 	1.57028 	0.00072 
363.00 	1.56993 	0.00072 
364.00 	1.56959 	0.00072 
365.00 	1.56925 	0.00071 
366.00 	1.56892 	0.00071 
367.00 	1.56859 	0.00071 
368.00 	1.56826 	0.00071 
369.00 	1.56794 	0.00070 
370.00 	1.56762 	0.00070 
371.00 	1.56730 	0.00070 
372.00 	1.56698 	0.00070 
373.00 	1.56667 	0.00069 
374.00 	1.56636 	0.00069 
375.00 	1.56606 	0.00069 
376.00 	1.56575 	0.00069 
377.00 	1.56545 	0.00068 
378.00 	1.56515 	0.00068 
379.00 	1.56486 	0.00068 
380.00 	1.56457 	0.00068 
381.00 	1.56428 	0.00067 
382.00 	1.56399 	0.00067 
383.00 	1.56371 	0.00067 
384.00 	1.56343 	0.00067 
385.00 	1.56315 	0.00067 
386.00 	1.56287 	0.00066 
387.00 	1.56260 	0.00066 
388.00 	1.56233 	0.00066 
389.00 	1.56206 	0.00066 
390.00 	1.56179 	0.00066 
391.00 	1.56153 	0.00065 
392.00 	1.56127 	0.00065 
393.00 	1.56101 	0.00065 
394.00 	1.56075 	0.00065 
395.00 	1.56050 	0.00065 
396.00 	1.56025 	0.00064 
397.00 	1.56000 	0.00064 
398.00 	1.55975 	0.00064 
399.00 	1.55950 	0.00064 
400.00 	1.55926 	0.00064 
401.00 	1.55902 	0.00063 
402.00 	1.55878 	0.00063 
403.00 	1.55854 	0.00063 
404.00 	1.55831 	0.00063 
405.00 	1.55807 	0.00063 
406.00 	1.55784 	0.00062 
407.00 	1.55761 	0.00062 
408.00 	1.55739 	0.00062 
409.00 	1.55716 	0.00062 
410.00 	1.55694 	0.00062 
411.00 	1.55672 	0.00061 
412.00 	1.55650 	0.00061 
413.00 	1.55628 	0.00061 
414.00 	1.55607 	0.00061 
415.00 	1.55585 	0.00061 
416.00 	1.55564 	0.00061 
417.00 	1.55543 	0.00060 
418.00 	1.55522 	0.00060 
419.00 	1.55502 	0.00060 
420.00 	1.55481 	0.00060 
421.00 	1.55461 	0.00060 
422.00 	1.55441 	0.00060 
423.00 	1.55421 	0.00059 
424.00 	1.55401 	0.00059 
425.00 	1.55381 	0.00059 
426.00 	1.55362 	0.00059 
427.00 	1.55342 	0.00059 
428.00 	1.55323 	0.00059 
429.00 	1.55304 	0.00059 
430.00 	1.55285 	0.00058 
431.00 	1.55267 	0.00058 
432.00 	1.55248 	0.00058 
433.00 	1.55230 	0.00058 
434.00 	1.55211 	0.00058 
435.00 	1.55193 	0.00058 
436.00 	1.55175 	0.00057 
437.00 	1.55157 	0.00057 
438.00 	1.55140 	0.00057 
439.00 	1.55122 	0.00057 
440.00 	1.55105 	0.00057 
441.00 	1.55087 	0.00057 
442.00 	1.55070 	0.00057 
443.00 	1.55053 	0.00056 
444.00 	1.55036 	0.00056 
445.00 	1.55020 	0.00056 
446.00 	1.55003 	0.00056 
447.00 	1.54986 	0.00056 
448.00 	1.54970 	0.00056 
449.00 	1.54954 	0.00056 
450.00 	1.54938 	0.00056 
451.00 	1.54922 	0.00055 
452.00 	1.54906 	0.00055 
453.00 	1.54890 	0.00055 
454.00 	1.54874 	0.00055 
455.00 	1.54859 	0.00055 
456.00 	1.54844 	0.00055 
457.00 	1.54828 	0.00055 
458.00 	1.54813 	0.00054 
459.00 	1.54798 	0.00054 
460.00 	1.54783 	0.00054 
461.00 	1.54768 	0.00054 
462.00 	1.54753 	0.00054 
463.00 	1.54739 	0.00054 
464.00 	1.54724 	0.00054 
465.00 	1.54710 	0.00054 
466.00 	1.54696 	0.00054 
467.00 	1.54681 	0.00053 
468.00 	1.54667 	0.00053 
469.00 	1.54653 	0.00053 
470.00 	1.54640 	0.00053 
471.00 	1.54626 	0.00053 
472.00 	1.54612 	0.00053 
473.00 	1.54598 	0.00053 
474.00 	1.54585 	0.00053 
475.00 	1.54572 	0.00052 
476.00 	1.54558 	0.00052 
477.00 	1.54545 	0.00052 
478.00 	1.54532 	0.00052 
479.00 	1.54519 	0.00052 
480.00 	1.54506 	0.00052 
481.00 	1.54493 	0.00052 
482.00 	1.54480 	0.00052 
483.00 	1.54468 	0.00052 
484.00 	1.54455 	0.00051 
485.00 	1.54443 	0.00051 
486.00 	1.54430 	0.00051 
487.00 	1.54418 	0.00051 
488.00 	1.54406 	0.00051 
489.00 	1.54394 	0.00051 
490.00 	1.54382 	0.00051 
491.00 	1.54370 	0.00051 
492.00 	1.54358 	0.00051 
493.00 	1.54346 	0.00051 
494.00 	1.54334 	0.00050 
495.00 	1.54323 	0.00050 
496.00 	1.54311 	0.00050 
497.00 	1.54300 	0.00050 
498.00 	1.54288 	0.00050 
499.00 	1.54277 	0.00050 
500.00 	1.54266 	0.00050 
501.00 	1.54255 	0.00050 
502.00 	1.54243 	0.00050 
503.00 	1.54232 	0.00050 
504.00 	1.54221 	0.00049 
505.00 	1.54211 	0.00049 
506.00 	1.54200 	0.00049 
507.00 	1.54189 	0.00049 
508.00 	1.54178 	0.00049 
509.00 	1.54168 	0.00049 
510.00 	1.54157 	0.00049 
511.00 	1.54147 	0.00049 
512.00 	1.54136 	0.00049 
513.00 	1.54126 	0.00049 
514.00 	1.54116 	0.00049 
515.00 	1.54106 	0.00048 
516.00 	1.54096 	0.00048 
517.00 	1.54085 	0.00048 
518.00 	1.54076 	0.00048 
519.00 	1.54066 	0.00048 
520.00 	1.54056 	0.00048 
521.00 	1.54046 	0.00048 
522.00 	1.54036 	0.00048 
523.00 	1.54027 	0.00048 
524.00 	1.54017 	0.00048 
525.00 	1.54007 	0.00048 
526.00 	1.53998 	0.00048 
527.00 	1.53988 	0.00047 
528.00 	1.53979 	0.00047 
529.00 	1.53970 	0.00047 
530.00 	1.53961 	0.00047 
531.00 	1.53951 	0.00047 
532.00 	1.53942 	0.00047 
533.00 	1.53933 	0.00047 
534.00 	1.53924 	0.00047 
535.00 	1.53915 	0.00047 
536.00 	1.53906 	0.00047 
537.00 	1.53897 	0.00047 
538.00 	1.53889 	0.00047 
539.00 	1.53880 	0.00046 
540.00 	1.53871 	0.00046 
541.00 	1.53863 	0.00046 
542.00 	1.53854 	0.00046 
543.00 	1.53845 	0.00046 
544.00 	1.53837 	0.00046 
545.00 	1.53829 	0.00046 
546.00 	1.53820 	0.00046 
547.00 	1.53812 	0.00046 
548.00 	1.53804 	0.00046 
549.00 	1.53795 	0.00046 
550.00 	1.53787 	0.00046 
551.00 	1.53779 	0.00046 
552.00 	1.53771 	0.00045 
553.00 	1.53763 	0.00045 
554.00 	1.53755 	0.00045 
555.00 	1.53747 	0.00045 
556.00 	1.53739 	0.00045 
557.00 	1.53731 	0.00045 
558.00 	1.53724 	0.00045 
559.00 	1.53716 	0.00045 
560.00 	1.53708 	0.00045 
561.00 	1.53700 	0.00045 
562.00 	1.53693 	0.00045 
563.00 	1.53685 	0.00045 
564.00 	1.53678 	0.00045 
565.00 	1.53670 	0.00045 
566.00 	1.53663 	0.00045 
567.00 	1.53655 	0.00044 
568.00 	1.53648 	0.00044 
569.00 	1.53641 	0.00044 
570.00 	1.53634 	0.00044 
571.00 	1.53626 	0.00044 
572.00 	1.53619 	0.00044 
573.00 	1.53612 	0.00044 
574.00 	1.53605 	0.00044 
575.00 	1.53598 	0.00044 
576.00 	1.53591 	0.00044 
577.00 	1.53584 	0.00044 
578.00 	1.53577 	0.00044 
579.00 	1.53570 	0.00044 
580.00 	1.53563 	0.00044 
581.00 	1.53556 	0.00044 
582.00 	1.53550 	0.00043 
583.00 	1.53543 	0.00043 
584.00 	1.53536 	0.00043 
585.00 	1.53529 	0.00043 
586.00 	1.53523 	0.00043 
587.00 	1.53516 	0.00043 
588.00 	1.53510 	0.00043 
589.00 	1.53503 	0.00043 
590.00 	1.53497 	0.00043 
591.00 	1.53490 	0.00043 
592.00 	1.53484 	0.00043 
593.00 	1.53478 	0.00043 
594.00 	1.53471 	0.00043 
595.00 	1.53465 	0.00043 
596.00 	1.53459 	0.00043 
597.00 	1.53452 	0.00043 
598.00 	1.53446 	0.00043 
599.00 	1.53440 	0.00042 
600.00 	1.53434 	0.00042 
601.00 	1.53428 	0.00042 
602.00 	1.53422 	0.00042 
603.00 	1.53416 	0.00042 
604.00 	1.53410 	0.00042 
605.00 	1.53404 	0.00042 
606.00 	1.53398 	0.00042 
607.00 	1.53392 	0.00042 
608.00 	1.53386 	0.00042 
609.00 	1.53380 	0.00042 
610.00 	1.53374 	0.00042 
611.00 	1.53369 	0.00042 
612.00 	1.53363 	0.00042 
613.00 	1.53357 	0.00042 
614.00 	1.53351 	0.00042 
615.00 	1.53346 	0.00042 
616.00 	1.53340 	0.00042 
617.00 	1.53335 	0.00041 
618.00 	1.53329 	0.00041 
619.00 	1.53323 	0.00041 
620.00 	1.53318 	0.00041 
621.00 	1.53312 	0.00041 
622.00 	1.53307 	0.00041 
623.00 	1.53302 	0.00041 
624.00 	1.53296 	0.00041 
625.00 	1.53291 	0.00041 
626.00 	1.53285 	0.00041 
627.00 	1.53280 	0.00041 
628.00 	1.53275 	0.00041 
629.00 	1.53270 	0.00041 
630.00 	1.53264 	0.00041 
631.00 	1.53259 	0.00041 
632.00 	1.53254 	0.00041 
633.00 	1.53249 	0.00041 
634.00 	1.53244 	0.00041 
635.00 	1.53239 	0.00041 
636.00 	1.53234 	0.00041 
637.00 	1.53229 	0.00040 
638.00 	1.53224 	0.00040 
639.00 	1.53219 	0.00040 
640.00 	1.53214 	0.00040 
641.00 	1.53209 	0.00040 
642.00 	1.53204 	0.00040 
643.00 	1.53199 	0.00040 
644.00 	1.53194 	0.00040 
645.00 	1.53189 	0.00040 
646.00 	1.53184 	0.00040 
647.00 	1.53180 	0.00040 
648.00 	1.53175 	0.00040 
649.00 	1.53170 	0.00040 
650.00 	1.53165 	0.00040 
651.00 	1.53161 	0.00040 
652.00 	1.53156 	0.00040 
653.00 	1.53151 	0.00040 
654.00 	1.53147 	0.00040 
655.00 	1.53142 	0.00040 
656.00 	1.53137 	0.00040 
657.00 	1.53133 	0.00040 
658.00 	1.53128 	0.00039 
659.00 	1.53124 	0.00039 
660.00 	1.53119 	0.00039 
661.00 	1.53115 	0.00039 
662.00 	1.53110 	0.00039 
663.00 	1.53106 	0.00039 
664.00 	1.53102 	0.00039 
665.00 	1.53097 	0.00039 
666.00 	1.53093 	0.00039 
667.00 	1.53088 	0.00039 
668.00 	1.53084 	0.00039 
669.00 	1.53080 	0.00039 
670.00 	1.53076 	0.00039 
671.00 	1.53071 	0.00039 
672.00 	1.53067 	0.00039 
673.00 	1.53063 	0.00039 
674.00 	1.53059 	0.00039 
675.00 	1.53054 	0.00039 
676.00 	1.53050 	0.00039 
677.00 	1.53046 	0.00039 
678.00 	1.53042 	0.00039 
679.00 	1.53038 	0.00039 
680.00 	1.53034 	0.00039 
681.00 	1.53030 	0.00039 
682.00 	1.53026 	0.00038 
683.00 	1.53022 	0.00038 
684.00 	1.53018 	0.00038 
685.00 	1.53014 	0.00038 
686.00 	1.53010 	0.00038 
687.00 	1.53006 	0.00038 
688.00 	1.53002 	0.00038 
689.00 	1.52998 	0.00038 
690.00 	1.52994 	0.00038 
691.00 	1.52990 	0.00038 
692.00 	1.52986 	0.00038 
693.00 	1.52983 	0.00038 
694.00 	1.52979 	0.00038 
695.00 	1.52975 	0.00038 
696.00 	1.52971 	0.00038 
697.00 	1.52967 	0.00038 
698.00 	1.52964 	0.00038 
699.00 	1.52960 	0.00038 
700.00 	1.52956 	0.00038 
701.00 	1.52952 	0.00038 
702.00 	1.52949 	0.00038 
703.00 	1.52945 	0.00038 
704.00 	1.52941 	0.00038 
705.00 	1.52938 	0.00038 
706.00 	1.52934 	0.00038 
707.00 	1.52931 	0.00038 
708.00 	1.52927 	0.00037 
709.00 	1.52923 	0.00037 
710.00 	1.52920 	0.00037 
711.00 	1.52916 	0.00037 
712.00 	1.52913 	0.00037 
713.00 	1.52909 	0.00037 
714.00 	1.52906 	0.00037 
715.00 	1.52902 	0.00037 
716.00 	1.52899 	0.00037 
717.00 	1.52895 	0.00037 
718.00 	1.52892 	0.00037 
719.00 	1.52889 	0.00037 
720.00 	1.52885 	0.00037 
721.00 	1.52882 	0.00037 
722.00 	1.52878 	0.00037 
723.00 	1.52875 	0.00037 
724.00 	1.52872 	0.00037 
725.00 	1.52868 	0.00037 
726.00 	1.52865 	0.00037 
727.00 	1.52862 	0.00037 
728.00 	1.52859 	0.00037 
729.00 	1.52855 	0.00037 
730.00 	1.52852 	0.00037 
731.00 	1.52849 	0.00037 
732.00 	1.52846 	0.00037 
733.00 	1.52842 	0.00037 
734.00 	1.52839 	0.00037 
735.00 	1.52836 	0.00037 
736.00 	1.52833 	0.00037 
737.00 	1.52830 	0.00036 
738.00 	1.52827 	0.00036 
739.00 	1.52823 	0.00036 
740.00 	1.52820 	0.00036 
741.00 	1.52817 	0.00036 
742.00 	1.52814 	0.00036 
743.00 	1.52811 	0.00036 
744.00 	1.52808 	0.00036 
745.00 	1.52805 	0.00036 
746.00 	1.52802 	0.00036 
747.00 	1.52799 	0.00036 
748.00 	1.52796 	0.00036 
749.00 	1.52793 	0.00036 
750.00 	1.52790 	0.00036 
751.00 	1.52787 	0.00036 
752.00 	1.52784 	0.00036 
753.00 	1.52781 	0.00036 
754.00 	1.52778 	0.00036 
755.00 	1.52775 	0.00036 
756.00 	1.52772 	0.00036 
757.00 	1.52769 	0.00036 
758.00 	1.52767 	0.00036 
759.00 	1.52764 	0.00036 
760.00 	1.52761 	0.00036 
761.00 	1.52758 	0.00036 
762.00 	1.52755 	0.00036 
763.00 	1.52752 	0.00036 
764.00 	1.52750 	0.00036 
765.00 	1.52747 	0.00036 
766.00 	1.52744 	0.00036 
767.00 	1.52741 	0.00036 
768.00 	1.52738 	0.00036 
769.00 	1.52736 	0.00036 
770.00 	1.52733 	0.00035 
771.00 	1.52730 	0.00035 
772.00 	1.52727 	0.00035 
773.00 	1.52725 	0.00035 
774.00 	1.52722 	0.00035 
775.00 	1.52719 	0.00035 
776.00 	1.52717 	0.00035 
777.00 	1.52714 	0.00035 
778.00 	1.52711 	0.00035 
779.00 	1.52709 	0.00035 
780.00 	1.52706 	0.00035 
781.00 	1.52703 	0.00035 
782.00 	1.52701 	0.00035 
783.00 	1.52698 	0.00035 
784.00 	1.52696 	0.00035 
785.00 	1.52693 	0.00035 
786.00 	1.52691 	0.00035 
787.00 	1.52688 	0.00035 
788.00 	1.52685 	0.00035 
789.00 	1.52683 	0.00035 
790.00 	1.52680 	0.00035 
791.00 	1.52678 	0.00035 
792.00 	1.52675 	0.00035 
793.00 	1.52673 	0.00035 
794.00 	1.52670 	0.00035 
795.00 	1.52668 	0.00035 
796.00 	1.52665 	0.00035 
797.00 	1.52663 	0.00035 
798.00 	1.52661 	0.00035 
799.00 	1.52658 	0.00035 
800.00 	1.52656 	0.00035 
801.00 	1.52653 	0.00035 
802.00 	1.52651 	0.00035 
803.00 	1.52648 	0.00035 
804.00 	1.52646 	0.00035 
805.00 	1.52644 	0.00035 
806.00 	1.52641 	0.00034 
807.00 	1.52639 	0.00034 
808.00 	1.52637 	0.00034 
809.00 	1.52634 	0.00034 
810.00 	1.52632 	0.00034 
811.00 	1.52630 	0.00034 
812.00 	1.52627 	0.00034 
813.00 	1.52625 	0.00034 
814.00 	1.52623 	0.00034 
815.00 	1.52620 	0.00034 
816.00 	1.52618 	0.00034 
817.00 	1.52616 	0.00034 
818.00 	1.52614 	0.00034 
819.00 	1.52611 	0.00034 
820.00 	1.52609 	0.00034 
821.00 	1.52607 	0.00034 
822.00 	1.52605 	0.00034 
823.00 	1.52602 	0.00034 
824.00 	1.52600 	0.00034 
825.00 	1.52598 	0.00034 
826.00 	1.52596 	0.00034 
827.00 	1.52594 	0.00034 
828.00 	1.52591 	0.00034 
829.00 	1.52589 	0.00034 
830.00 	1.52587 	0.00034 
831.00 	1.52585 	0.00034 
832.00 	1.52583 	0.00034 
833.00 	1.52581 	0.00034 
834.00 	1.52578 	0.00034 
835.00 	1.52576 	0.00034 
836.00 	1.52574 	0.00034 
837.00 	1.52572 	0.00034 
838.00 	1.52570 	0.00034 
839.00 	1.52568 	0.00034 
840.00 	1.52566 	0.00034 
841.00 	1.52564 	0.00034 
842.00 	1.52562 	0.00034 
843.00 	1.52560 	0.00034 
844.00 	1.52558 	0.00034 
845.00 	1.52556 	0.00034 
846.00 	1.52554 	0.00034 
847.00 	1.52552 	0.00034 
848.00 	1.52550 	0.00033 
849.00 	1.52547 	0.00033 
850.00 	1.52545 	0.00033 
851.00 	1.52543 	0.00033 
852.00 	1.52542 	0.00033 
853.00 	1.52540 	0.00033 
854.00 	1.52538 	0.00033 
855.00 	1.52536 	0.00033 
856.00 	1.52534 	0.00033 
857.00 	1.52532 	0.00033 
858.00 	1.52530 	0.00033 
859.00 	1.52528 	0.00033 
860.00 	1.52526 	0.00033 
861.00 	1.52524 	0.00033 
862.00 	1.52522 	0.00033 
863.00 	1.52520 	0.00033 
864.00 	1.52518 	0.00033 
865.00 	1.52516 	0.00033 
866.00 	1.52514 	0.00033 
867.00 	1.52513 	0.00033 
868.00 	1.52511 	0.00033 
869.00 	1.52509 	0.00033 
870.00 	1.52507 	0.00033 
871.00 	1.52505 	0.00033 
872.00 	1.52503 	0.00033 
873.00 	1.52501 	0.00033 
874.00 	1.52500 	0.00033 
875.00 	1.52498 	0.00033 
876.00 	1.52496 	0.00033 
877.00 	1.52494 	0.00033 
878.00 	1.52492 	0.00033 
879.00 	1.52490 	0.00033 
880.00 	1.52489 	0.00033 
881.00 	1.52487 	0.00033 
882.00 	1.52485 	0.00033 
883.00 	1.52483 	0.00033 
884.00 	1.52482 	0.00033 
885.00 	1.52480 	0.00033 
886.00 	1.52478 	0.00033 
887.00 	1.52476 	0.00033 
888.00 	1.52474 	0.00033 
889.00 	1.52473 	0.00033 
890.00 	1.52471 	0.00033 
891.00 	1.52469 	0.00033 
892.00 	1.52468 	0.00033 
893.00 	1.52466 	0.00033 
894.00 	1.52464 	0.00033 
895.00 	1.52462 	0.00032 
896.00 	1.52461 	0.00032 
897.00 	1.52459 	0.00032 
898.00 	1.52457 	0.00032 
899.00 	1.52456 	0.00032 
900.00 	1.52454 	0.00032 
901.00 	1.52452 	0.00032 
902.00 	1.52451 	0.00032 
903.00 	1.52449 	0.00032 
904.00 	1.52447 	0.00032 
905.00 	1.52446 	0.00032 
906.00 	1.52444 	0.00032 
907.00 	1.52442 	0.00032 
908.00 	1.52441 	0.00032 
909.00 	1.52439 	0.00032 
910.00 	1.52438 	0.00032 
911.00 	1.52436 	0.00032 
912.00 	1.52434 	0.00032 
913.00 	1.52433 	0.00032 
914.00 	1.52431 	0.00032 
915.00 	1.52430 	0.00032 
916.00 	1.52428 	0.00032 
917.00 	1.52426 	0.00032 
918.00 	1.52425 	0.00032 
919.00 	1.52423 	0.00032 
920.00 	1.52422 	0.00032 
921.00 	1.52420 	0.00032 
922.00 	1.52419 	0.00032 
923.00 	1.52417 	0.00032 
924.00 	1.52415 	0.00032 
925.00 	1.52414 	0.00032 
926.00 	1.52412 	0.00032 
927.00 	1.52411 	0.00032 
928.00 	1.52409 	0.00032 
929.00 	1.52408 	0.00032 
930.00 	1.52406 	0.00032 
931.00 	1.52405 	0.00032 
932.00 	1.52403 	0.00032 
933.00 	1.52402 	0.00032 
934.00 	1.52400 	0.00032 
935.00 	1.52399 	0.00032 
936.00 	1.52397 	0.00032 
937.00 	1.52396 	0.00032 
938.00 	1.52394 	0.00032 
939.00 	1.52393 	0.00032 
940.00 	1.52391 	0.00032 
941.00 	1.52390 	0.00032 
942.00 	1.52389 	0.00032 
943.00 	1.52387 	0.00032 
944.00 	1.52386 	0.00032 
945.00 	1.52384 	0.00032 
946.00 	1.52383 	0.00032 
947.00 	1.52381 	0.00032 
948.00 	1.52380 	0.00032 
949.00 	1.52379 	0.00032 
950.00 	1.52377 	0.00031 
951.00 	1.52376 	0.00031 
952.00 	1.52374 	0.00031 
953.00 	1.52373 	0.00031 
954.00 	1.52372 	0.00031 
955.00 	1.52370 	0.00031 
956.00 	1.52369 	0.00031 
957.00 	1.52367 	0.00031 
958.00 	1.52366 	0.00031 
959.00 	1.52365 	0.00031 
960.00 	1.52363 	0.00031 
961.00 	1.52362 	0.00031 
962.00 	1.52361 	0.00031 
963.00 	1.52359 	0.00031 
964.00 	1.52358 	0.00031 
965.00 	1.52356 	0.00031 
966.00 	1.52355 	0.00031 
967.00 	1.52354 	0.00031 
968.00 	1.52352 	0.00031 
969.00 	1.52351 	0.00031 
970.00 	1.52350 	0.00031 
971.00 	1.52348 	0.00031 
972.00 	1.52347 	0.00031 
973.00 	1.52346 	0.00031 
974.00 	1.52345 	0.00031 
975.00 	1.52343 	0.00031 
976.00 	1.52342 	0.00031 
977.00 	1.52341 	0.00031 
978.00 	1.52339 	0.00031 
979.00 	1.52338 	0.00031 
980.00 	1.52337 	0.00031 
981.00 	1.52335 	0.00031 
982.00 	1.52334 	0.00031 
983.00 	1.52333 	0.00031 
984.00 	1.52332 	0.00031 
985.00 	1.52330 	0.00031 
986.00 	1.52329 	0.00031 
987.00 	1.52328 	0.00031 
988.00 	1.52327 	0.00031 
989.00 	1.52325 	0.00031 
990.00 	1.52324 	0.00031 
991.00 	1.52323 	0.00031 
992.00 	1.52322 	0.00031 
993.00 	1.52320 	0.00031 
994.00 	1.52319 	0.00031 
995.00 	1.52318 	0.00031 
996.00 	1.52317 	0.00031 
997.00 	1.52316 	0.00031 
998.00 	1.52314 	0.00031 
999.00 	1.52313 	0.00031 
1000.00 	1.52312 	0.00031 
1001.00 	1.52311 	0.00031 
1002.00 	1.52310 	0.00031 
1003.00 	1.52308 	0.00031 
1004.00 	1.52307 	0.00031 
1005.00 	1.52306 	0.00031 
1006.00 	1.52305 	0.00031 
1007.00 	1.52304 	0.00031 
1008.00 	1.52302 	0.00031 
1009.00 	1.52301 	0.00031 
1010.00 	1.52300 	0.00031 
1011.00 	1.52299 	0.00031 
1012.00 	1.52298 	0.00031 
1013.00 	1.52297 	0.00031 
1014.00 	1.52295 	0.00030 
1015.00 	1.52294 	0.00030 
1016.00 	1.52293 	0.00030 
1017.00 	1.52292 	0.00030 
1018.00 	1.52291 	0.00030 
1019.00 	1.52290 	0.00030 
1020.00 	1.52289 	0.00030 
1021.00 	1.52287 	0.00030 
1022.00 	1.52286 	0.00030 
1023.00 	1.52285 	0.00030 
1024.00 	1.52284 	0.00030 
1025.00 	1.52283 	0.00030 
1026.00 	1.52282 	0.00030 
1027.00 	1.52281 	0.00030 
1028.00 	1.52280 	0.00030 
1029.00 	1.52279 	0.00030 
1030.00 	1.52277 	0.00030 
1031.00 	1.52276 	0.00030 
1032.00 	1.52275 	0.00030 
1033.00 	1.52274 	0.00030 
1034.00 	1.52273 	0.00030 
1035.00 	1.52272 	0.00030 
1036.00 	1.52271 	0.00030 
1037.00 	1.52270 	0.00030 
1038.00 	1.52269 	0.00030 
1039.00 	1.52268 	0.00030 
1040.00 	1.52267 	0.00030 
1041.00 	1.52266 	0.00030 
1042.00 	1.52265 	0.00030 
1043.00 	1.52263 	0.00030 
1044.00 	1.52262 	0.00030 
1045.00 	1.52261 	0.00030 
1046.00 	1.52260 	0.00030 
1047.00 	1.52259 	0.00030 
1048.00 	1.52258 	0.00030 
1049.00 	1.52257 	0.00030 
1050.00 	1.52256 	0.00030 
1051.00 	1.52255 	0.00030 
1052.00 	1.52254 	0.00030 
1053.00 	1.52253 	0.00030 
1054.00 	1.52252 	0.00030 
1055.00 	1.52251 	0.00030 
1056.00 	1.52250 	0.00030 
1057.00 	1.52249 	0.00030 
1058.00 	1.52248 	0.00030 
1059.00 	1.52247 	0.00030 
1060.00 	1.52246 	0.00030 
1061.00 	1.52245 	0.00030 
1062.00 	1.52244 	0.00030 
1063.00 	1.52243 	0.00030 
1064.00 	1.52242 	0.00030 
1065.00 	1.52241 	0.00030 
1066.00 	1.52240 	0.00030 
1067.00 	1.52239 	0.00030 
1068.00 	1.52238 	0.00030 
1069.00 	1.52237 	0.00030 
1070.00 	1.52236 	0.00030 
1071.00 	1.52235 	0.00030 
1072.00 	1.52234 	0.00030 
1073.00 	1.52233 	0.00030 
1074.00 	1.52232 	0.00030 
1075.00 	1.52231 	0.00030 
1076.00 	1.52230 	0.00030 
1077.00 	1.52229 	0.00030 
1078.00 	1.52228 	0.00030 
1079.00 	1.52227 	0.00030 
1080.00 	1.52226 	0.00030 
1081.00 	1.52225 	0.00030 
1082.00 	1.52225 	0.00030 
1083.00 	1.52224 	0.00030 
1084.00 	1.52223 	0.00030 
1085.00 	1.52222 	0.00030 
1086.00 	1.52221 	0.00030 
1087.00 	1.52220 	0.00030 
1088.00 	1.52219 	0.00030 
1089.00 	1.52218 	0.00030 
1090.00 	1.52217 	0.00029 
1091.00 	1.52216 	0.00029 
1092.00 	1.52215 	0.00029 
1093.00 	1.52214 	0.00029 
1094.00 	1.52213 	0.00029 
1095.00 	1.52213 	0.00029 
1096.00 	1.52212 	0.00029 
1097.00 	1.52211 	0.00029 
1098.00 	1.52210 	0.00029 
1099.00 	1.52209 	0.00029 
1100.00 	1.52208 	0.00029 
1101.00 	1.52207 	0.00029 
1102.00 	1.52206 	0.00029 
1103.00 	1.52205 	0.00029 
1104.00 	1.52204 	0.00029 
1105.00 	1.52204 	0.00029 
1106.00 	1.52203 	0.00029 
1107.00 	1.52202 	0.00029 
1108.00 	1.52201 	0.00029 
1109.00 	1.52200 	0.00029 
1110.00 	1.52199 	0.00029 
1111.00 	1.52198 	0.00029 
1112.00 	1.52197 	0.00029 
1113.00 	1.52197 	0.00029 
1114.00 	1.52196 	0.00029 
1115.00 	1.52195 	0.00029 
1116.00 	1.52194 	0.00029 
1117.00 	1.52193 	0.00029 
1118.00 	1.52192 	0.00029 
1119.00 	1.52191 	0.00029 
1120.00 	1.52191 	0.00029 
1121.00 	1.52190 	0.00029 
1122.00 	1.52189 	0.00029 
1123.00 	1.52188 	0.00029 
1124.00 	1.52187 	0.00029 
1125.00 	1.52186 	0.00029 
1126.00 	1.52186 	0.00029 
1127.00 	1.52185 	0.00029 
1128.00 	1.52184 	0.00029 
1129.00 	1.52183 	0.00029 
1130.00 	1.52182 	0.00029 
1131.00 	1.52181 	0.00029 
1132.00 	1.52181 	0.00029 
1133.00 	1.52180 	0.00029 
1134.00 	1.52179 	0.00029 
1135.00 	1.52178 	0.00029 
1136.00 	1.52177 	0.00029 
1137.00 	1.52177 	0.00029 
1138.00 	1.52176 	0.00029 
1139.00 	1.52175 	0.00029 
1140.00 	1.52174 	0.00029 
1141.00 	1.52173 	0.00029 
1142.00 	1.52172 	0.00029 
1143.00 	1.52172 	0.00029 
1144.00 	1.52171 	0.00029 
1145.00 	1.52170 	0.00029 
1146.00 	1.52169 	0.00029 
1147.00 	1.52169 	0.00029 
1148.00 	1.52168 	0.00029 
1149.00 	1.52167 	0.00029 
1150.00 	1.52166 	0.00029 
1151.00 	1.52165 	0.00029 
1152.00 	1.52165 	0.00029 
1153.00 	1.52164 	0.00029 
1154.00 	1.52163 	0.00029 
1155.00 	1.52162 	0.00029 
1156.00 	1.52162 	0.00029 
1157.00 	1.52161 	0.00029 
1158.00 	1.52160 	0.00029 
1159.00 	1.52159 	0.00029 
1160.00 	1.52158 	0.00029 
1161.00 	1.52158 	0.00029 
1162.00 	1.52157 	0.00029 
1163.00 	1.52156 	0.00029 
1164.00 	1.52155 	0.00029 
1165.00 	1.52155 	0.00029 
1166.00 	1.52154 	0.00029 
1167.00 	1.52153 	0.00029 
1168.00 	1.52152 	0.00029 
1169.00 	1.52152 	0.00029 
1170.00 	1.52151 	0.00029 
1171.00 	1.52150 	0.00029 
1172.00 	1.52149 	0.00029 
1173.00 	1.52149 	0.00029 
1174.00 	1.52148 	0.00029 
1175.00 	1.52147 	0.00029 
1176.00 	1.52147 	0.00029 
1177.00 	1.52146 	0.00029 
1178.00 	1.52145 	0.00029 
1179.00 	1.52144 	0.00029 
1180.00 	1.52144 	0.00029 
1181.00 	1.52143 	0.00029 
1182.00 	1.52142 	0.00028 
1183.00 	1.52142 	0.00028 
1184.00 	1.52141 	0.00028 
1185.00 	1.52140 	0.00028 
1186.00 	1.52139 	0.00028 
1187.00 	1.52139 	0.00028 
1188.00 	1.52138 	0.00028 
1189.00 	1.52137 	0.00028 
1190.00 	1.52137 	0.00028 
1191.00 	1.52136 	0.00028 
1192.00 	1.52135 	0.00028 
1193.00 	1.52134 	0.00028 
1194.00 	1.52134 	0.00028 
1195.00 	1.52133 	0.00028 
1196.00 	1.52132 	0.00028 
1197.00 	1.52132 	0.00028 
1198.00 	1.52131 	0.00028 
1199.00 	1.52130 	0.00028 
1200.00 	1.52130 	0.00028 
1201.00 	1.52129 	0.00028 
1202.00 	1.52128 	0.00028 
1203.00 	1.52128 	0.00028 
1204.00 	1.52127 	0.00028 
1205.00 	1.52126 	0.00028 
1206.00 	1.52126 	0.00028 
1207.00 	1.52125 	0.00028 
1208.00 	1.52124 	0.00028 
1209.00 	1.52124 	0.00028 
1210.00 	1.52123 	0.00028 
1211.00 	1.52122 	0.00028 
1212.00 	1.52122 	0.00028 
1213.00 	1.52121 	0.00028 
1214.00 	1.52120 	0.00028 
1215.00 	1.52120 	0.00028 
1216.00 	1.52119 	0.00028 
1217.00 	1.52118 	0.00028 
1218.00 	1.52118 	0.00028 
1219.00 	1.52117 	0.00028 
1220.00 	1.52116 	0.00028 
1221.00 	1.52116 	0.00028 
1222.00 	1.52115 	0.00028 
1223.00 	1.52114 	0.00028 
1224.00 	1.52114 	0.00028 
1225.00 	1.52113 	0.00028 
1226.00 	1.52112 	0.00028 
1227.00 	1.52112 	0.00028 
1228.00 	1.52111 	0.00028 
1229.00 	1.52110 	0.00028 
1230.00 	1.52110 	0.00028 
1231.00 	1.52109 	0.00028 
1232.00 	1.52109 	0.00028 
1233.00 	1.52108 	0.00028 
1234.00 	1.52107 	0.00028 
1235.00 	1.52107 	0.00028 
1236.00 	1.52106 	0.00028 
1237.00 	1.52105 	0.00028 
1238.00 	1.52105 	0.00028 
1239.00 	1.52104 	0.00028 
1240.00 	1.52104 	0.00028 
1241.00 	1.52103 	0.00028 
1242.00 	1.52102 	0.00028 
1243.00 	1.52102 	0.00028 
1244.00 	1.52101 	0.00028 
1245.00 	1.52100 	0.00028 
1246.00 	1.52100 	0.00028 
1247.00 	1.52099 	0.00028 
1248.00 	1.52099 	0.00028 
1249.00 	1.52098 	0.00028 
1250.00 	1.52097 	0.00028 
1251.00 	1.52097 	0.00028 
1252.00 	1.52096 	0.00028 
1253.00 	1.52096 	0.00028 
1254.00 	1.52095 	0.00028 
1255.00 	1.52094 	0.00028 
1256.00 	1.52094 	0.00028 
1257.00 	1.52093 	0.00028 
1258.00 	1.52093 	0.00028 
1259.00 	1.52092 	0.00028 
1260.00 	1.52091 	0.00028 
1261.00 	1.52091 	0.00028 
1262.00 	1.52090 	0.00028 
1263.00 	1.52090 	0.00028 
1264.00 	1.52089 	0.00028 
1265.00 	1.52089 	0.00028 
1266.00 	1.52088 	0.00028 
1267.00 	1.52087 	0.00028 
1268.00 	1.52087 	0.00028 
1269.00 	1.52086 	0.00028 
1270.00 	1.52086 	0.00028 
1271.00 	1.52085 	0.00028 
1272.00 	1.52085 	0.00028 
1273.00 	1.52084 	0.00028 
1274.00 	1.52083 	0.00028 
1275.00 	1.52083 	0.00028 
1276.00 	1.52082 	0.00028 
1277.00 	1.52082 	0.00028 
1278.00 	1.52081 	0.00028 
1279.00 	1.52081 	0.00028 
1280.00 	1.52080 	0.00028 
1281.00 	1.52079 	0.00028 
1282.00 	1.52079 	0.00028 
1283.00 	1.52078 	0.00028 
1284.00 	1.52078 	0.00028 
1285.00 	1.52077 	0.00028 
1286.00 	1.52077 	0.00028 
1287.00 	1.52076 	0.00028 
1288.00 	1.52076 	0.00028 
1289.00 	1.52075 	0.00028 
1290.00 	1.52074 	0.00028 
1291.00 	1.52074 	0.00028 
1292.00 	1.52073 	0.00028 
1293.00 	1.52073 	0.00028 
1294.00 	1.52072 	0.00027 
1295.00 	1.52072 	0.00027 
1296.00 	1.52071 	0.00027 
1297.00 	1.52071 	0.00027 
1298.00 	1.52070 	0.00027 
1299.00 	1.52070 	0.00027 
1300.00 	1.52069 	0.00027 
1301.00 	1.52068 	0.00027 
