300.357995384850 	2.386603109247 	0.076853142630 
301.139054080242 	2.384773927973 	0.076454994537 
301.920112775633 	2.382958924447 	0.076059932438 
302.701171471024 	2.381157952528 	0.075667924524 
303.482230166415 	2.379370867950 	0.075278939393 
304.263288861806 	2.377597528300 	0.074892946047 
305.044347557198 	2.375837792984 	0.074509913883 
305.825406252589 	2.374091523201 	0.074129812690 
306.606464947980 	2.372358581915 	0.073752612640 
307.387523643372 	2.370638833831 	0.073378284283 
308.168582338763 	2.368932145364 	0.073006798543 
308.949641034154 	2.367238384617 	0.072638126711 
309.730699729546 	2.365557421353 	0.072272240438 
310.511758424937 	2.363889126972 	0.071909111733 
311.292817120328 	2.362233374484 	0.071548712955 
312.073875815719 	2.360590038488 	0.071191016809 
312.854934511111 	2.358958995144 	0.070835996337 
313.635993206502 	2.357340122153 	0.070483624922 
314.417051901893 	2.355733298735 	0.070133876273 
315.198110597285 	2.354138405602 	0.069786724424 
315.979169292676 	2.352555324940 	0.069442143733 
316.760227988067 	2.350983940384 	0.069100108872 
317.541286683458 	2.349424137002 	0.068760594821 
318.322345378849 	2.347875801266 	0.068423576873 
319.103404074241 	2.346338821039 	0.068089030617 
319.884462769632 	2.344813085549 	0.067756931942 
320.665521465023 	2.343298485372 	0.067427257032 
321.446580160415 	2.341794912414 	0.067099982357 
322.227638855806 	2.340302259885 	0.066775084674 
323.008697551197 	2.338820422290 	0.066452541019 
323.789756246589 	2.337349295400 	0.066132328707 
324.570814941980 	2.335888776242 	0.065814425322 
325.351873637371 	2.334438763076 	0.065498808720 
326.132932332763 	2.332999155378 	0.065185457021 
326.913991028154 	2.331569853826 	0.064874348606 
327.695049723545 	2.330150760277 	0.064565462112 
328.476108418936 	2.328741777757 	0.064258776431 
329.257167114328 	2.327342810437 	0.063954270706 
330.038225809719 	2.325953763625 	0.063651924324 
330.819284505110 	2.324574543740 	0.063351716917 
331.600343200501 	2.323205058308 	0.063053628356 
332.381401895893 	2.321845215935 	0.062757638748 
333.162460591284 	2.320494926300 	0.062463728434 
333.943519286675 	2.319154100136 	0.062171877982 
334.724577982066 	2.317822649216 	0.061882068190 
335.505636677458 	2.316500486341 	0.061594280076 
336.286695372849 	2.315187525320 	0.061308494881 
337.067754068240 	2.313883680961 	0.061024694062 
337.848812763631 	2.312588869058 	0.060742859288 
338.629871459023 	2.311303006370 	0.060462972442 
339.410930154414 	2.310026010618 	0.060185015614 
340.191988849806 	2.308757800462 	0.059908971100 
340.973047545197 	2.307498295495 	0.059634821399 
341.754106240588 	2.306247416227 	0.059362549206 
342.535164935979 	2.305005084075 	0.059092137419 
343.316223631371 	2.303771221345 	0.058823569126 
344.097282326762 	2.302545751228 	0.058556827607 
344.878341022154 	2.301328597782 	0.058291896334 
345.659399717544 	2.300119685920 	0.058028758962 
346.440458412936 	2.298918941405 	0.057767399333 
347.221517108327 	2.297726290829 	0.057507801469 
348.002575803719 	2.296541661611 	0.057249949570 
348.783634499109 	2.295364981979 	0.056993828015 
349.564693194501 	2.294196180964 	0.056739421357 
350.345751889892 	2.293035188385 	0.056486714319 
351.126810585283 	2.291881934843 	0.056235691795 
351.907869280675 	2.290736351707 	0.055986338848 
352.688927976066 	2.289598371104 	0.055738640704 
353.469986671457 	2.288467925914 	0.055492582753 
354.251045366849 	2.287344949751 	0.055248150544 
355.032104062240 	2.286229376962 	0.055005329789 
355.813162757631 	2.285121142613 	0.054764106352 
356.594221453022 	2.284020182479 	0.054524466255 
357.375280148414 	2.282926433039 	0.054286395671 
358.156338843805 	2.281839831460 	0.054049880924 
358.937397539196 	2.280760315594 	0.053814908486 
359.718456234588 	2.279687823969 	0.053581464977 
360.499514929979 	2.278622295774 	0.053349537160 
361.280573625370 	2.277563670857 	0.053119111943 
362.061632320762 	2.276511889714 	0.052890176373 
362.842691016152 	2.275466893481 	0.052662717639 
363.623749711544 	2.274428623925 	0.052436723064 
364.404808406935 	2.273397023437 	0.052212180110 
365.185867102326 	2.272372035021 	0.051989076370 
365.966925797717 	2.271353602292 	0.051767399571 
366.747984493109 	2.270341669464 	0.051547137571 
367.529043188500 	2.269336181340 	0.051328278355 
368.310101883891 	2.268337083312 	0.051110810037 
369.091160579283 	2.267344321346 	0.050894720856 
369.872219274674 	2.266357841980 	0.050679999175 
370.653277970065 	2.265377592314 	0.050466633479 
371.434336665457 	2.264403520003 	0.050254612374 
372.215395360848 	2.263435573250 	0.050043924588 
372.996454056239 	2.262473700803 	0.049834558963 
373.777512751630 	2.261517851941 	0.049626504459 
374.558571447022 	2.260567976474 	0.049419750152 
375.339630142413 	2.259624024732 	0.049214285231 
376.120688837805 	2.258685947561 	0.049010098997 
376.901747533195 	2.257753696316 	0.048807180860 
377.682806228587 	2.256827222855 	0.048605520343 
378.463864923979 	2.255906479529 	0.048405107073 
379.244923619370 	2.254991419184 	0.048205930788 
380.025982314761 	2.254081995147 	0.048007981327 
380.807041010153 	2.253178161222 	0.047811248636 
381.588099705543 	2.252279871690 	0.047615722764 
382.369158400935 	2.251387081293 	0.047421393859 
383.150217096326 	2.250499745238 	0.047228252171 
383.931275791717 	2.249617819185 	0.047036288050 
384.712334487108 	2.248741259244 	0.046845491941 
385.493393182500 	2.247870021970 	0.046655854389 
386.274451877891 	2.247004064356 	0.046467366032 
387.055510573282 	2.246143343828 	0.046280017603 
387.836569268674 	2.245287818242 	0.046093799930 
388.617627964065 	2.244437445875 	0.045908703930 
389.398686659456 	2.243592185423 	0.045724720614 
390.179745354848 	2.242751995996 	0.045541841080 
390.960804050239 	2.241916837111 	0.045360056517 
391.741862745630 	2.241086668687 	0.045179358202 
392.522921441022 	2.240261451044 	0.044999737496 
393.303980136412 	2.239441144893 	0.044821185849 
394.085038831804 	2.238625711336 	0.044643694793 
394.866097527195 	2.237815111859 	0.044467255945 
395.647156222586 	2.237009308327 	0.044291861005 
396.428214917978 	2.236208262979 	0.044117501754 
397.209273613369 	2.235411938429 	0.043944170053 
397.990332308761 	2.234620297653 	0.043771857844 
398.771391004152 	2.233833303993 	0.043600557148 
399.552449699542 	2.233050921145 	0.043430260063 
400.333508394935 	2.232273113163 	0.043260958764 
401.114567090326 	2.231499844448 	0.043092645504 
401.895625785716 	2.230731079746 	0.042925312608 
402.676684481108 	2.229966784148 	0.042758952477 
403.457743176499 	2.229206923078 	0.042593557587 
404.238801871891 	2.228451462298 	0.042429120484 
405.019860567282 	2.227700367897 	0.042265633788 
405.800919262674 	2.226953606291 	0.042103090188 
406.581977958065 	2.226211144217 	0.041941482444 
407.363036653455 	2.225472948734 	0.041780803386 
408.144095348847 	2.224738987213 	0.041621045911 
408.925154044238 	2.224009227335 	0.041462202986 
409.706212739629 	2.223283637093 	0.041304267644 
410.487271435021 	2.222562184782 	0.041147232982 
411.268330130412 	2.221844838996 	0.040991092166 
412.049388825804 	2.221131568629 	0.040835838425 
412.830447521195 	2.220422342868 	0.040681465051 
413.611506216586 	2.219717131191 	0.040527965401 
414.392564911977 	2.219015903363 	0.040375332895 
415.173623607369 	2.218318629433 	0.040223561012 
415.954682302760 	2.217625279731 	0.040072643295 
416.735740998151 	2.216935824866 	0.039922573347 
417.516799693543 	2.216250235720 	0.039773344828 
418.297858388934 	2.215568483446 	0.039624951461 
419.078917084326 	2.214890539469 	0.039477387026 
419.859975779716 	2.214216375476 	0.039330645359 
420.641034475108 	2.213545963418 	0.039184720357 
421.422093170498 	2.212879275506 	0.039039605969 
422.203151865891 	2.212216284207 	0.038895296203 
422.984210561282 	2.211556962242 	0.038751785121 
423.765269256673 	2.210901282585 	0.038609066841 
424.546327952063 	2.210249218456 	0.038467135534 
425.327386647455 	2.209600743322 	0.038325985423 
426.108445342846 	2.208955830892 	0.038185610788 
426.889504038237 	2.208314455116 	0.038046005957 
427.670562733629 	2.207676590181 	0.037907165313 
428.451621429021 	2.207042210511 	0.037769083287 
429.232680124411 	2.206411290760 	0.037631754363 
430.013738819803 	2.205783805814 	0.037495173075 
430.794797515195 	2.205159730784 	0.037359334005 
431.575856210585 	2.204539041009 	0.037224231785 
432.356914905976 	2.203921712048 	0.037089861095 
433.137973601368 	2.203307719682 	0.036956216665 
433.919032296759 	2.202697039909 	0.036823293268 
434.700090992150 	2.202089648941 	0.036691085729 
435.481149687542 	2.201485523207 	0.036559588915 
436.262208382933 	2.200884639342 	0.036428797742 
437.043267078325 	2.200286974194 	0.036298707169 
437.824325773716 	2.199692504814 	0.036169312203 
438.605384469107 	2.199101208459 	0.036040607891 
439.386443164498 	2.198513062587 	0.035912589329 
440.167501859889 	2.197928044857 	0.035785251652 
440.948560555280 	2.197346133124 	0.035658590041 
441.729619250672 	2.196767305440 	0.035532599718 
442.510677946064 	2.196191540051 	0.035407275949 
443.291736641455 	2.195618815392 	0.035282614039 
444.072795336847 	2.195049110090 	0.035158609337 
444.853854032238 	2.194482402958 	0.035035257230 
445.634912727629 	2.193918672996 	0.034912553148 
446.415971423019 	2.193357899385 	0.034790492559 
447.197030118411 	2.192800061491 	0.034669070971 
447.978088813803 	2.192245138856 	0.034548283933 
448.759147509193 	2.191693111203 	0.034428127029 
449.540206204584 	2.191143958430 	0.034308595886 
450.321264899976 	2.190597660608 	0.034189686164 
451.102323595367 	2.190054197983 	0.034071393564 
451.883382290759 	2.189513550968 	0.033953713824 
452.664440986150 	2.188975700148 	0.033836642716 
453.445499681542 	2.188440626273 	0.033720176050 
454.226558376933 	2.187908310260 	0.033604309674 
455.007617072324 	2.187378733189 	0.033489039469 
455.788675767715 	2.186851876301 	0.033374361351 
456.569734463106 	2.186327720999 	0.033260271273 
457.350793158497 	2.185806248843 	0.033146765221 
458.131851853889 	2.185287441552 	0.033033839216 
458.912910549280 	2.184771280998 	0.032921489312 
459.693969244672 	2.184257749208 	0.032809711598 
460.475027940063 	2.183746828363 	0.032698502193 
461.256086635455 	2.183238500792 	0.032587857253 
462.037145330846 	2.182732748976 	0.032477772963 
462.818204026237 	2.182229555540 	0.032368245542 
463.599262721628 	2.181728903258 	0.032259271241 
464.380321417020 	2.181230775050 	0.032150846341 
465.161380112410 	2.180735153975 	0.032042967155 
465.942438807802 	2.180242023237 	0.031935630028 
466.723497503192 	2.179751366180 	0.031828831334 
467.504556198585 	2.179263166287 	0.031722567477 
468.285614893976 	2.178777407178 	0.031616834893 
469.066673589367 	2.178294072610 	0.031511630046 
469.847732284758 	2.177813146474 	0.031406949429 
470.628790980149 	2.177334612795 	0.031302789565 
471.409849675541 	2.176858455731 	0.031199147007 
472.190908370932 	2.176384659569 	0.031096018333 
472.971967066324 	2.175913208728 	0.030993400153 
473.753025761715 	2.175444087754 	0.030891289103 
474.534084457105 	2.174977281320 	0.030789681846 
475.315143152498 	2.174512774225 	0.030688575074 
476.096201847889 	2.174050551393 	0.030587965505 
476.877260543280 	2.173590597871 	0.030487849885 
477.658319238670 	2.173132898828 	0.030388224985 
478.439377934063 	2.172677439555 	0.030289087604 
479.220436629454 	2.172224205460 	0.030190434565 
480.001495324845 	2.171773182073 	0.030092262720 
480.782554020236 	2.171324355040 	0.029994568943 
481.563612715627 	2.170877710123 	0.029897350135 
482.344671411019 	2.170433233199 	0.029800603223 
483.125730106410 	2.169990910260 	0.029704325158 
483.906788801801 	2.169550727411 	0.029608512914 
484.687847497193 	2.169112670868 	0.029513163492 
485.468906192585 	2.168676726958 	0.029418273915 
486.249964887975 	2.168242882118 	0.029323841232 
487.031023583367 	2.167811122894 	0.029229862513 
487.812082278758 	2.167381435938 	0.029136334855 
488.593140974150 	2.166953808011 	0.029043255374 
489.374199669540 	2.166528225978 	0.028950621211 
490.155258364931 	2.166104676808 	0.028858429531 
490.936317060322 	2.165683147576 	0.028766677521 
491.717375755715 	2.165263625458 	0.028675362388 
492.498434451106 	2.164846097730 	0.028584481363 
493.279493146496 	2.164430551772 	0.028494031699 
494.060551841888 	2.164016975062 	0.028404010671 
494.841610537280 	2.163605355175 	0.028314415575 
495.622669232672 	2.163195679788 	0.028225243727 
496.403727928063 	2.162787936670 	0.028136492466 
497.184786623454 	2.162382113691 	0.028048159151 
497.965845318845 	2.161978198812 	0.027960241162 
498.746904014235 	2.161576180089 	0.027872735899 
499.527962709627 	2.161176045674 	0.027785640784 
500.309021405019 	2.160777783808 	0.027698953256 
501.090080100410 	2.160381382825 	0.027612670776 
501.871138795801 	2.159986831151 	0.027526790826 
502.652197491191 	2.159594117299 	0.027441310905 
503.433256186583 	2.159203229873 	0.027356228532 
504.214314881974 	2.158814157565 	0.027271541246 
504.995373577365 	2.158426889155 	0.027187246605 
505.776432272757 	2.158041413507 	0.027103342185 
506.557490968149 	2.157657719574 	0.027019825581 
507.338549663539 	2.157275796392 	0.026936694407 
508.119608358932 	2.156895633081 	0.026853946295 
508.900667054323 	2.156517218846 	0.026771578894 
509.681725749714 	2.156140542974 	0.026689589874 
510.462784445106 	2.155765594832 	0.026607976920 
511.243843140496 	2.155392363872 	0.026526737735 
512.024901835888 	2.155020839623 	0.026445870041 
512.805960531279 	2.154651011696 	0.026365371577 
513.587019226671 	2.154282869778 	0.026285240097 
514.368077922061 	2.153916403637 	0.026205473374 
515.149136617453 	2.153551603118 	0.026126069199 
515.930195312844 	2.153188458142 	0.026047025376 
516.711254008234 	2.152826958707 	0.025968339730 
517.492312703627 	2.152467094885 	0.025890010099 
518.273371399017 	2.152108856824 	0.025812034338 
519.054430094409 	2.151752234747 	0.025734410320 
519.835488789800 	2.151397218947 	0.025657135932 
520.616547485193 	2.151043799794 	0.025580209077 
521.397606180582 	2.150691967727 	0.025503627675 
522.178664875974 	2.150341713257 	0.025427389660 
522.959723571366 	2.149993026967 	0.025351492983 
523.740782266756 	2.149645899509 	0.025275935608 
524.521840962147 	2.149300321606 	0.025200715516 
525.302899657539 	2.148956284047 	0.025125830703 
526.083958352931 	2.148613777693 	0.025051279179 
526.865017048321 	2.148272793470 	0.024977058969 
527.646075743713 	2.147933322372 	0.024903168112 
528.427134439104 	2.147595355460 	0.024829604664 
529.208193134496 	2.147258883860 	0.024756366693 
529.989251829888 	2.146923898764 	0.024683452281 
530.770310525279 	2.146590391429 	0.024610859525 
531.551369220671 	2.146258353174 	0.024538586536 
532.332427916061 	2.145927775386 	0.024466631439 
533.113486611451 	2.145598649510 	0.024394992372 
533.894545306844 	2.145270967057 	0.024323667487 
534.675604002234 	2.144944719599 	0.024252654950 
535.456662697627 	2.144619898769 	0.024181952939 
536.237721393018 	2.144296496262 	0.024111559647 
537.018780088409 	2.143974503831 	0.024041473279 
537.799838783800 	2.143653913292 	0.023971692053 
538.580897479192 	2.143334716518 	0.023902214200 
539.361956174583 	2.143016905442 	0.023833037965 
540.143014869973 	2.142700472054 	0.023764161604 
540.924073565365 	2.142385408403 	0.023695583386 
541.705132260757 	2.142071706595 	0.023627301593 
542.486190956148 	2.141759358792 	0.023559314519 
543.267249651539 	2.141448357214 	0.023491620471 
544.048308346931 	2.141138694135 	0.023424217767 
544.829367042320 	2.140830361885 	0.023357104737 
545.610425737713 	2.140523352850 	0.023290279724 
546.391484433103 	2.140217659468 	0.023223741083 
547.172543128496 	2.139913274233 	0.023157487179 
547.953601823885 	2.139610189692 	0.023091516389 
548.734660519279 	2.139308398444 	0.023025827105 
549.515719214670 	2.139007893142 	0.022960417724 
550.296777910060 	2.138708666490 	0.022895286661 
551.077836605453 	2.138410711244 	0.022830432338 
551.858895300843 	2.138114020212 	0.022765853190 
552.639953996234 	2.137818586251 	0.022701547662 
553.421012691626 	2.137524402269 	0.022637514210 
554.202071387017 	2.137231461227 	0.022573751302 
554.983130082408 	2.136939756130 	0.022510257415 
555.764188777799 	2.136649280037 	0.022447031039 
556.545247473190 	2.136360026053 	0.022384070674 
557.326306168582 	2.136071987332 	0.022321374827 
558.107364863974 	2.135785157075 	0.022258942021 
558.888423559363 	2.135499528532 	0.022196770786 
559.669482254756 	2.135215095000 	0.022134859662 
560.450540950148 	2.134931849821 	0.022073207201 
561.231599645537 	2.134649786385 	0.022011811963 
562.012658340929 	2.134368898127 	0.021950672520 
562.793717036320 	2.134089178528 	0.021889787452 
563.574775731711 	2.133810621114 	0.021829155352 
564.355834427103 	2.133533219455 	0.021768774818 
565.136893122496 	2.133256967166 	0.021708644461 
565.917951817886 	2.132981857907 	0.021648762902 
566.699010513276 	2.132707885380 	0.021589128769 
567.480069208669 	2.132435043332 	0.021529740702 
568.261127904061 	2.132163325551 	0.021470597347 
569.042186599450 	2.131892725870 	0.021411697363 
569.823245294841 	2.131623238161 	0.021353039417 
570.604303990234 	2.131354856341 	0.021294622183 
571.385362685625 	2.131087574367 	0.021236444347 
572.166421381017 	2.130821386238 	0.021178504603 
572.947480076407 	2.130556285993 	0.021120801652 
573.728538771799 	2.130292267712 	0.021063334206 
574.509597467191 	2.130029325515 	0.021006100986 
575.290656162582 	2.129767453562 	0.020949100720 
576.071714857972 	2.129506646053 	0.020892332146 
576.852773553364 	2.129246897227 	0.020835794010 
577.633832248756 	2.128988201362 	0.020779485067 
578.414890944146 	2.128730552773 	0.020723404078 
579.195949639538 	2.128473945817 	0.020667549816 
579.977008334929 	2.128218374884 	0.020611921059 
580.758067030320 	2.127963834407 	0.020556516596 
581.539125725712 	2.127710318851 	0.020501335223 
582.320184421104 	2.127457822724 	0.020446375743 
583.101243116494 	2.127206340565 	0.020391636968 
583.882301811886 	2.126955866953 	0.020337117718 
584.663360507277 	2.126706396502 	0.020282816821 
585.444419202667 	2.126457923863 	0.020228733112 
586.225477898060 	2.126210443722 	0.020174865435 
587.006536593450 	2.125963950798 	0.020121212640 
587.787595288841 	2.125718439850 	0.020067773587 
588.568653984232 	2.125473905667 	0.020014547140 
589.349712679623 	2.125230343075 	0.019961532175 
590.130771375015 	2.124987746933 	0.019908727572 
590.911830070407 	2.124746112136 	0.019856132220 
591.692888765798 	2.124505433610 	0.019803745014 
592.473947461191 	2.124265706317 	0.019751564857 
593.255006156582 	2.124026925250 	0.019699590661 
594.036064851973 	2.123789085436 	0.019647821342 
594.817123547364 	2.123552181934 	0.019596255826 
595.598182242754 	2.123316209836 	0.019544893043 
596.379240938147 	2.123081164266 	0.019493731932 
597.160299633539 	2.122847040380 	0.019442771439 
597.941358328929 	2.122613833365 	0.019392010517 
598.722417024319 	2.122381538439 	0.019341448125 
599.503475719712 	2.122150150854 	0.019291083228 
600.284534415103 	2.121919665888 	0.019240914799 
601.065593110494 	2.121690078854 	0.019190941819 
601.846651805885 	2.121461385094 	0.019141163273 
602.627710501276 	2.121233579980 	0.019091578154 
603.408769196667 	2.121006658913 	0.019042185460 
604.189827892058 	2.120780617324 	0.018992984198 
604.970886587451 	2.120555450676 	0.018943973379 
605.751945282840 	2.120331154458 	0.018895152022 
606.533003978233 	2.120107724190 	0.018846519152 
607.314062673625 	2.119885155420 	0.018798073800 
608.095121369016 	2.119663443724 	0.018749815002 
608.876180064406 	2.119442584708 	0.018701741803 
609.657238759798 	2.119222574004 	0.018653853251 
610.438297455188 	2.119003407275 	0.018606148403 
611.219356150581 	2.118785080207 	0.018558626319 
612.000414845970 	2.118567588519 	0.018511286068 
612.781473541363 	2.118350927954 	0.018464126723 
613.562532236754 	2.118135094281 	0.018417147363 
614.343590932145 	2.117920083299 	0.018370347074 
615.124649627537 	2.117705890832 	0.018323724946 
615.905708322927 	2.117492512731 	0.018277280078 
616.686767018319 	2.117279944872 	0.018231011570 
617.467825713710 	2.117068183158 	0.018184918532 
618.248884409103 	2.116857223518 	0.018139000076 
619.029943104493 	2.116647061908 	0.018093255324 
619.811001799883 	2.116437694306 	0.018047683399 
620.592060495275 	2.116229116717 	0.018002283432 
621.373119190667 	2.116021325173 	0.017957054560 
622.154177886057 	2.115814315729 	0.017911995922 
622.935236581451 	2.115608084464 	0.017867106667 
623.716295276841 	2.115402627483 	0.017822385946 
624.497353972232 	2.115197940915 	0.017777832917 
625.278412667624 	2.114994020913 	0.017733446742 
626.059471363014 	2.114790863653 	0.017689226589 
626.840530058405 	2.114588465338 	0.017645171632 
627.621588753797 	2.114386822190 	0.017601281047 
628.402647449187 	2.114185930458 	0.017557554020 
629.183706144580 	2.113985786413 	0.017513989737 
629.964764839972 	2.113786386349 	0.017470587393 
630.745823535363 	2.113587726583 	0.017427346186 
631.526882230754 	2.113389803456 	0.017384265318 
632.307940926145 	2.113192613330 	0.017341343999 
633.088999621536 	2.112996152589 	0.017298581442 
633.870058316927 	2.112800417642 	0.017255976864 
634.651117012319 	2.112605404916 	0.017213529488 
635.432175707710 	2.112411110864 	0.017171238542 
636.213234403102 	2.112217531959 	0.017129103259 
636.994293098493 	2.112024664695 	0.017087122874 
637.775351793883 	2.111832505588 	0.017045296630 
638.556410489275 	2.111641051175 	0.017003623773 
639.337469184667 	2.111450298016 	0.016962103554 
640.118527880058 	2.111260242688 	0.016920735229 
640.899586575449 	2.111070881794 	0.016879518057 
641.680645270841 	2.110882211954 	0.016838451303 
642.461703966231 	2.110694229808 	0.016797534236 
643.242762661622 	2.110506932020 	0.016756766130 
644.023821357015 	2.110320315271 	0.016716146261 
644.804880052404 	2.110134376264 	0.016675673913 
645.585938747797 	2.109949111720 	0.016635348372 
646.366997443186 	2.109764518382 	0.016595168928 
647.148056138580 	2.109580593011 	0.016555134878 
647.929114833970 	2.109397332388 	0.016515245519 
648.710173529361 	2.109214733314 	0.016475500156 
649.491232224753 	2.109032792608 	0.016435898097 
650.272290920145 	2.108851507109 	0.016396438653 
651.053349615536 	2.108670873675 	0.016357121141 
651.834408310927 	2.108490889182 	0.016317944880 
652.615467006318 	2.108311550526 	0.016278909195 
653.396525701711 	2.108132854621 	0.016240013414 
654.177584397100 	2.107954798397 	0.016201256870 
654.958643092492 	2.107777378807 	0.016162638897 
655.739701787885 	2.107600592819 	0.016124158838 
656.520760483274 	2.107424437418 	0.016085816035 
657.301819178668 	2.107248909610 	0.016047609837 
658.082877874056 	2.107074006418 	0.016009539596 
658.863936569448 	2.106899724880 	0.015971604667 
659.644995264838 	2.106726062054 	0.015933804409 
660.426053960230 	2.106553015016 	0.015896138187 
661.207112655624 	2.106380580857 	0.015858605367 
661.988171351012 	2.106208756687 	0.015821205320 
662.769230046406 	2.106037539631 	0.015783937420 
663.550288741796 	2.105866926834 	0.015746801046 
664.331347437188 	2.105696915454 	0.015709795579 
665.112406132579 	2.105527502669 	0.015672920406 
665.893464827972 	2.105358685671 	0.015636174914 
666.674523523361 	2.105190461671 	0.015599558496 
667.455582218753 	2.105022827894 	0.015563070550 
668.236640914145 	2.104855781582 	0.015526710474 
669.017699609534 	2.104689319994 	0.015490477671 
669.798758304926 	2.104523440404 	0.015454371549 
670.579817000319 	2.104358140101 	0.015418391517 
671.360875695708 	2.104193416392 	0.015382536989 
672.141934391099 	2.104029266598 	0.015346807383 
672.922993086493 	2.103865688056 	0.015311202117 
673.704051781883 	2.103702678118 	0.015275720617 
674.485110477275 	2.103540234152 	0.015240362309 
675.266169172664 	2.103378353542 	0.015205126623 
676.047227868058 	2.103217033685 	0.015170012994 
676.828286563446 	2.103056271994 	0.015135020857 
677.609345258841 	2.102896065897 	0.015100149654 
678.390403954231 	2.102736412837 	0.015065398827 
679.171462649621 	2.102577310271 	0.015030767824 
679.952521345015 	2.102418755672 	0.014996256093 
680.733580040405 	2.102260746526 	0.014961863088 
681.514638735794 	2.102103280334 	0.014927588266 
682.295697431186 	2.101946354611 	0.014893431084 
683.076756126578 	2.101789966886 	0.014859391005 
683.857814821971 	2.101634114704 	0.014825467495 
684.638873517361 	2.101478795622 	0.014791660022 
685.419932212751 	2.101324007210 	0.014757968057 
686.200990908143 	2.101169747055 	0.014724391075 
686.982049603536 	2.101016012755 	0.014690928554 
687.763108298927 	2.100862801923 	0.014657579972 
688.544166994316 	2.100710112186 	0.014624344815 
689.325225689710 	2.100557941182 	0.014591222567 
690.106284385099 	2.100406286564 	0.014558212718 
690.887343080491 	2.100255145999 	0.014525314761 
691.668401775882 	2.100104517167 	0.014492528190 
692.449460471272 	2.099954397759 	0.014459852502 
693.230519166664 	2.099804785481 	0.014427287199 
694.011577862056 	2.099655678052 	0.014394831783 
694.792636557448 	2.099507073202 	0.014362485761 
695.573695252838 	2.099358968675 	0.014330248642 
696.354753948231 	2.099211362228 	0.014298119937 
697.135812643621 	2.099064251631 	0.014266099161 
697.916871339013 	2.098917634664 	0.014234185831 
698.697930034405 	2.098771509121 	0.014202379466 
699.478988729795 	2.098625872809 	0.014170679590 
700.260047425185 	2.098480723547 	0.014139085727 
701.041106120578 	2.098336059165 	0.014107597406 
701.822164815969 	2.098191877505 	0.014076214156 
702.603223511358 	2.098048176422 	0.014044935511 
703.384282206751 	2.097904953784 	0.014013761006 
704.165340902142 	2.097762207468 	0.013982690180 
704.946399597533 	2.097619935364 	0.013951722573 
705.727458292925 	2.097478135375 	0.013920857728 
706.508516988317 	2.097336805414 	0.013890095192 
707.289575683708 	2.097195943405 	0.013859434513 
708.070634379101 	2.097055547285 	0.013828875242 
708.851693074490 	2.096915615003 	0.013798416931 
709.632751769883 	2.096776144516 	0.013768059137 
710.413810465273 	2.096637133795 	0.013737801418 
711.194869160665 	2.096498580822 	0.013707643334 
711.975927856058 	2.096360483589 	0.013677584449 
712.756986551446 	2.096222840100 	0.013647624327 
713.538045246838 	2.096085648368 	0.013617762538 
714.319103942230 	2.095948906419 	0.013587998650 
715.100162637623 	2.095812612289 	0.013558332237 
715.881221333011 	2.095676764025 	0.013528762872 
716.662280028405 	2.095541359684 	0.013499290135 
717.443338723795 	2.095406397334 	0.013469913602 
718.224397419186 	2.095271875054 	0.013440632858 
719.005456114577 	2.095137790931 	0.013411447485 
719.786514809970 	2.095004143066 	0.013382357070 
720.567573505360 	2.094870929568 	0.013353361201 
721.348632200752 	2.094738148557 	0.013324459469 
722.129690896143 	2.094605798162 	0.013295651468 
722.910749591535 	2.094473876524 	0.013266936791 
723.691808286926 	2.094342381792 	0.013238315037 
724.472866982318 	2.094211312127 	0.013209785805 
725.253925677708 	2.094080665698 	0.013181348696 
726.034984373099 	2.093950440686 	0.013153003315 
726.816043068491 	2.093820635279 	0.013124749267 
727.597101763883 	2.093691247677 	0.013096586161 
728.378160459272 	2.093562276089 	0.013068513606 
729.159219154666 	2.093433718733 	0.013040531214 
729.940277850054 	2.093305573837 	0.013012638601 
730.721336545448 	2.093177839639 	0.012984835382 
731.502395240840 	2.093050514386 	0.012957121176 
732.283453936231 	2.092923596333 	0.012929495603 
733.064512631619 	2.092797083747 	0.012901958286 
733.845571327012 	2.092670974901 	0.012874508849 
734.626630022401 	2.092545268080 	0.012847146918 
735.407688717795 	2.092419961577 	0.012819872122 
736.188747413183 	2.092295053694 	0.012792684092 
736.969806108577 	2.092170542741 	0.012765582460 
737.750864803966 	2.092046427040 	0.012738566860 
738.531923499359 	2.091922704918 	0.012711636928 
739.312982194751 	2.091799374713 	0.012684792303 
740.094040890142 	2.091676434772 	0.012658032624 
740.875099585532 	2.091553883450 	0.012631357534 
741.656158280925 	2.091431719111 	0.012604766677 
742.437216976317 	2.091309940127 	0.012578259697 
743.218275671705 	2.091188544878 	0.012551836243 
743.999334367099 	2.091067531756 	0.012525495965 
744.780393062491 	2.090946899156 	0.012499238513 
745.561451757882 	2.090826645487 	0.012473063541 
746.342510453272 	2.090706769161 	0.012446970703 
747.123569148665 	2.090587268603 	0.012420959656 
747.904627844056 	2.090468142243 	0.012395030059 
748.685686539446 	2.090349388520 	0.012369181572 
749.466745234837 	2.090231005883 	0.012343413858 
750.247803930231 	2.090112992786 	0.012317726579 
751.028862625620 	2.089995347693 	0.012292119401 
751.809921321013 	2.089878069075 	0.012266591993 
752.590980016402 	2.089761155413 	0.012241144022 
753.372038711793 	2.089644605193 	0.012215775159 
754.153097407186 	2.089528416910 	0.012190485078 
754.934156102577 	2.089412589068 	0.012165273452 
755.715214797967 	2.089297120176 	0.012140139956 
756.496273493359 	2.089182008755 	0.012115084270 
757.277332188749 	2.089067253328 	0.012090106070 
758.058390884143 	2.088952852430 	0.012065205040 
758.839449579531 	2.088838804603 	0.012040380860 
759.620508274925 	2.088725108394 	0.012015633215 
760.401566970315 	2.088611762359 	0.011990961790 
761.182625665704 	2.088498765063 	0.011966366274 
761.963684361097 	2.088386115076 	0.011941846354 
762.744743056488 	2.088273810976 	0.011917401722 
763.525801751879 	2.088161851349 	0.011893032070 
764.306860447271 	2.088050234786 	0.011868737090 
765.087919142664 	2.087938959889 	0.011844516479 
765.868977838054 	2.087828025263 	0.011820369933 
766.650036533444 	2.087717429524 	0.011796297151 
767.431095228838 	2.087607171291 	0.011772297832 
768.212153924227 	2.087497249194 	0.011748371677 
768.993212619621 	2.087387661867 	0.011724518391 
769.774271315011 	2.087278407952 	0.011700737676 
770.555330010404 	2.087169486098 	0.011677029239 
771.336388705794 	2.087060894961 	0.011653392788 
772.117447401186 	2.086952633203 	0.011629828031 
772.898506096574 	2.086844699493 	0.011606334678 
773.679564791969 	2.086737092508 	0.011582912442 
774.460623487357 	2.086629810930 	0.011559561035 
775.241682182751 	2.086522853448 	0.011536280173 
776.022740878140 	2.086416218759 	0.011513069571 
776.803799573531 	2.086309905564 	0.011489928947 
777.584858268923 	2.086203912572 	0.011466858020 
778.365916964316 	2.086098238500 	0.011443856511 
779.146975659706 	2.085992882068 	0.011420924140 
779.928034355096 	2.085887842005 	0.011398060632 
780.709093050489 	2.085783117046 	0.011375265711 
781.490151745882 	2.085678705931 	0.011352539103 
782.271210441270 	2.085574607408 	0.011329880535 
783.052269136663 	2.085470820230 	0.011307289736 
783.833327832053 	2.085367343157 	0.011284766435 
784.614386527444 	2.085264174954 	0.011262310365 
785.395445222836 	2.085161314394 	0.011239921258 
786.176503918226 	2.085058760254 	0.011217598847 
786.957562613621 	2.084956511319 	0.011195342869 
787.738621309012 	2.084854566379 	0.011173153060 
788.519680004401 	2.084752924230 	0.011151029157 
789.300738699792 	2.084651583674 	0.011128970901 
790.081797395182 	2.084550543519 	0.011106978032 
790.862856090576 	2.084449802579 	0.011085050291 
791.643914785967 	2.084349359673 	0.011063187421 
792.424973481359 	2.084249213628 	0.011041389168 
793.206032176750 	2.084149363274 	0.011019655276 
793.987090872140 	2.084049807449 	0.010997985493 
794.768149567530 	2.083950544995 	0.010976379566 
795.549208262923 	2.083851574761 	0.010954837245 
796.330266958315 	2.083752895600 	0.010933358280 
797.111325653705 	2.083654506373 	0.010911942424 
797.892384349097 	2.083556405945 	0.010890589429 
798.673443044487 	2.083458593187 	0.010869299050 
799.454501739877 	2.083361066975 	0.010848071042 
800.235560435269 	2.083263826191 	0.010826905161 
801.016619130662 	2.083166869722 	0.010805801165 
801.797677826054 	2.083070196461 	0.010784758814 
802.578736521443 	2.082973805305 	0.010763777868 
803.359795216835 	2.082877695159 	0.010742858087 
804.140853912229 	2.082781864932 	0.010721999234 
804.921912607616 	2.082686313536 	0.010701201074 
805.702971303011 	2.082591039892 	0.010680463370 
806.484029998400 	2.082496042924 	0.010659785888 
807.265088693793 	2.082401321562 	0.010639168397 
808.046147389185 	2.082306874740 	0.010618610663 
808.827206084576 	2.082212701399 	0.010598112456 
809.608264779965 	2.082118800484 	0.010577673546 
810.389323475357 	2.082025170946 	0.010557293706 
811.170382170751 	2.081931811738 	0.010536972707 
811.951440866141 	2.081838721823 	0.010516710324 
812.732499561530 	2.081745900164 	0.010496506331 
813.513558256920 	2.081653345733 	0.010476360503 
814.294616952313 	2.081561057504 	0.010456272619 
815.075675647706 	2.081469034458 	0.010436242455 
815.856734343094 	2.081377275580 	0.010416269791 
816.637793038487 	2.081285779859 	0.010396354408 
817.418851733878 	2.081194546291 	0.010376496085 
818.199910429267 	2.081103573874 	0.010356694606 
818.980969124662 	2.081012861613 	0.010336949754 
819.762027820054 	2.080922408516 	0.010317261313 
820.543086515444 	2.080832213599 	0.010297629068 
821.324145210835 	2.080742275878 	0.010278052806 
822.105203906226 	2.080652594378 	0.010258532314 
822.886262601616 	2.080563168125 	0.010239067381 
823.667321297009 	2.080473996152 	0.010219657795 
824.448379992400 	2.080385077495 	0.010200303347 
825.229438687793 	2.080296411197 	0.010181003829 
826.010497383181 	2.080207996304 	0.010161759032 
826.791556078574 	2.080119831865 	0.010142568751 
827.572614773967 	2.080031916935 	0.010123432779 
828.353673469356 	2.079944250575 	0.010104350912 
829.134732164748 	2.079856831847 	0.010085322945 
829.915790860141 	2.079769659820 	0.010066348677 
830.696849555528 	2.079682733567 	0.010047427905 
831.477908250924 	2.079596052164 	0.010028560428 
832.258966946315 	2.079509614694 	0.010009746047 
833.040025641703 	2.079423420240 	0.009990984562 
833.821084337096 	2.079337467895 	0.009972275775 
834.602143032487 	2.079251756750 	0.009953619489 
835.383201727878 	2.079166285905 	0.009935015508 
836.164260423268 	2.079081054463 	0.009916463636 
836.945319118658 	2.078996061530 	0.009897963679 
837.726377814049 	2.078911306216 	0.009879515444 
838.507436509442 	2.078826787638 	0.009861118738 
839.288495204837 	2.078742504914 	0.009842773369 
840.069553900227 	2.078658457168 	0.009824479146 
840.850612595618 	2.078574643526 	0.009806235879 
841.631671291009 	2.078491063120 	0.009788043380 
842.412729986397 	2.078407715087 	0.009769901459 
843.193788681789 	2.078324598564 	0.009751809931 
843.974847377180 	2.078241712695 	0.009733768608 
844.755906072573 	2.078159056629 	0.009715777304 
845.536964767966 	2.078076629515 	0.009697835836 
846.318023463353 	2.077994430510 	0.009679944019 
847.099082158749 	2.077912458771 	0.009662101669 
847.880140854137 	2.077830713464 	0.009644308606 
848.661199549527 	2.077749193753 	0.009626564647 
849.442258244922 	2.077667898810 	0.009608869612 
850.223316940312 	2.077586827809 	0.009591223321 
851.004375635705 	2.077505979929 	0.009573625596 
851.785434331095 	2.077425354351 	0.009556076258 
852.566493026486 	2.077344950261 	0.009538575131 
853.347551721880 	2.077264766848 	0.009521122037 
854.128610417271 	2.077184803307 	0.009503716801 
854.909669112660 	2.077105058833 	0.009486359248 
855.690727808048 	2.077025532628 	0.009469049205 
856.471786503444 	2.076946223894 	0.009451786497 
857.252845198836 	2.076867131841 	0.009434570954 
858.033903894226 	2.076788255679 	0.009417402402 
858.814962589616 	2.076709594624 	0.009400280671 
859.596021285008 	2.076631147894 	0.009383205592 
860.377079980401 	2.076552914711 	0.009366176994 
861.158138675792 	2.076474894301 	0.009349194709 
861.939197371183 	2.076397085893 	0.009332258569 
862.720256066572 	2.076319488719 	0.009315368408 
863.501314761967 	2.076242102015 	0.009298524058 
864.282373457354 	2.076164925022 	0.009281725355 
865.063432152746 	2.076087956982 	0.009264972134 
865.844490848136 	2.076011197141 	0.009248264231 
866.625549543528 	2.075934644749 	0.009231601482 
867.406608238923 	2.075858299060 	0.009214983724 
868.187666934309 	2.075782159329 	0.009198410797 
868.968725629704 	2.075706224818 	0.009181882538 
869.749784325097 	2.075630494788 	0.009165398788 
870.530843020485 	2.075554968506 	0.009148959387 
871.311901715876 	2.075479645242 	0.009132564175 
872.092960411267 	2.075404524270 	0.009116212995 
872.874019106661 	2.075329604865 	0.009099905690 
873.655077802053 	2.075254886306 	0.009083642101 
874.436136497441 	2.075180367877 	0.009067422074 
875.217195192831 	2.075106048864 	0.009051245452 
875.998253888227 	2.075031928555 	0.009035112081 
876.779312583614 	2.074958006244 	0.009019021808 
877.560371279010 	2.074884281224 	0.009002974477 
878.341429974402 	2.074810752795 	0.008986969938 
879.122488669793 	2.074737420259 	0.008971008038 
879.903547365184 	2.074664282920 	0.008955088625 
880.684606060570 	2.074591340087 	0.008939211549 
881.465664755966 	2.074518591069 	0.008923376659 
882.246723451354 	2.074446035181 	0.008907583808 
883.027782146746 	2.074373671740 	0.008891832845 
883.808840842135 	2.074301500066 	0.008876123623 
884.589899537532 	2.074229519483 	0.008860455995 
885.370958232919 	2.074157729315 	0.008844829814 
886.152016928313 	2.074086128892 	0.008829244933 
886.933075623700 	2.074014717546 	0.008813701208 
887.714134319097 	2.073943494611 	0.008798198493 
888.495193014484 	2.073872459427 	0.008782736645 
889.276251709878 	2.073801611332 	0.008767315519 
890.057310405271 	2.073730949671 	0.008751934974 
890.838369100660 	2.073660473790 	0.008736594866 
891.619427796050 	2.073590183039 	0.008721295055 
892.400486491443 	2.073520076769 	0.008706035398 
893.181545186835 	2.073450154336 	0.008690815757 
893.962603882223 	2.073380415098 	0.008675635990 
894.743662577614 	2.073310858414 	0.008660495959 
895.524721273008 	2.073241483649 	0.008645395526 
896.305779968401 	2.073172290169 	0.008630334551 
897.086838663791 	2.073103277342 	0.008615312899 
897.867897359180 	2.073034444540 	0.008600330432 
898.648956054572 	2.072965791138 	0.008585387013 
899.430014749966 	2.072897316513 	0.008570482508 
