210.10 	0.88202 	2.43727 
210.87 	0.89260 	2.44923 
211.65 	0.90317 	2.46107 
212.42 	0.91375 	2.47280 
213.20 	0.92432 	2.48442 
213.97 	0.93488 	2.49592 
214.75 	0.94545 	2.50732 
215.52 	0.95600 	2.51861 
216.30 	0.96655 	2.52980 
217.07 	0.97708 	2.54089 
217.84 	0.98761 	2.55187 
218.62 	0.99812 	2.56276 
219.39 	1.00862 	2.57356 
220.17 	1.01911 	2.58426 
220.94 	1.02958 	2.59488 
221.72 	1.04003 	2.60541 
222.49 	1.05047 	2.61585 
223.26 	1.06089 	2.62622 
224.04 	1.07129 	2.63650 
224.81 	1.08168 	2.64672 
225.59 	1.09204 	2.65686 
226.36 	1.10239 	2.66693 
227.13 	1.11272 	2.67693 
227.91 	1.12303 	2.68688 
228.68 	1.13332 	2.69676 
229.46 	1.14359 	2.70659 
230.23 	1.15385 	2.71636 
231.00 	1.16409 	2.72609 
231.78 	1.17432 	2.73577 
232.55 	1.18453 	2.74541 
233.32 	1.19473 	2.75501 
234.10 	1.20493 	2.76457 
234.87 	1.21511 	2.77410 
235.64 	1.22529 	2.78360 
236.42 	1.23547 	2.79308 
237.19 	1.24565 	2.80253 
237.96 	1.25583 	2.81196 
238.74 	1.26602 	2.82137 
239.51 	1.27622 	2.83077 
240.28 	1.28643 	2.84015 
241.06 	1.29667 	2.84952 
241.83 	1.30692 	2.85889 
242.60 	1.31721 	2.86824 
243.37 	1.32753 	2.87758 
244.15 	1.33788 	2.88692 
244.92 	1.34828 	2.89625 
245.69 	1.35873 	2.90557 
246.47 	1.36923 	2.91489 
247.24 	1.37979 	2.92420 
248.01 	1.39042 	2.93350 
248.78 	1.40111 	2.94279 
249.56 	1.41188 	2.95207 
250.33 	1.42273 	2.96133 
251.10 	1.43367 	2.97057 
251.87 	1.44470 	2.97979 
252.64 	1.45582 	2.98899 
253.42 	1.46705 	2.99815 
254.19 	1.47838 	3.00728 
254.96 	1.48982 	3.01637 
255.73 	1.50137 	3.02542 
256.50 	1.51305 	3.03442 
257.28 	1.52484 	3.04335 
258.05 	1.53676 	3.05223 
258.82 	1.54880 	3.06103 
259.59 	1.56097 	3.06976 
260.36 	1.57327 	3.07840 
261.13 	1.58571 	3.08696 
261.91 	1.59827 	3.09541 
262.68 	1.61097 	3.10375 
263.45 	1.62380 	3.11198 
264.22 	1.63677 	3.12009 
264.99 	1.64986 	3.12806 
265.76 	1.66308 	3.13590 
266.53 	1.67643 	3.14359 
267.31 	1.68990 	3.15113 
268.08 	1.70349 	3.15851 
268.85 	1.71720 	3.16571 
269.62 	1.73102 	3.17274 
270.39 	1.74495 	3.17959 
271.16 	1.75898 	3.18624 
271.93 	1.77311 	3.19270 
272.70 	1.78733 	3.19895 
273.47 	1.80163 	3.20500 
274.24 	1.81601 	3.21083 
275.01 	1.83047 	3.21644 
275.78 	1.84498 	3.22182 
276.56 	1.85955 	3.22698 
277.33 	1.87417 	3.23190 
278.10 	1.88883 	3.23659 
278.87 	1.90352 	3.24103 
279.64 	1.91823 	3.24523 
280.41 	1.93296 	3.24919 
281.18 	1.94769 	3.25290 
281.95 	1.96242 	3.25636 
282.72 	1.97713 	3.25957 
283.49 	1.99183 	3.26253 
284.26 	2.00650 	3.26525 
285.03 	2.02112 	3.26771 
285.80 	2.03570 	3.26993 
286.57 	2.05022 	3.27190 
287.34 	2.06468 	3.27362 
288.11 	2.07907 	3.27510 
288.88 	2.09337 	3.27635 
289.65 	2.10758 	3.27735 
290.41 	2.12170 	3.27813 
291.18 	2.13570 	3.27867 
291.95 	2.14960 	3.27899 
292.72 	2.16337 	3.27908 
293.49 	2.17702 	3.27897 
294.26 	2.19054 	3.27864 
295.03 	2.20391 	3.27810 
295.80 	2.21713 	3.27736 
296.57 	2.23021 	3.27643 
297.34 	2.24312 	3.27532 
298.11 	2.25587 	3.27402 
298.88 	2.26845 	3.27254 
299.64 	2.28086 	3.27090 
300.41 	2.29309 	3.26909 
301.18 	2.30514 	3.26713 
301.95 	2.31700 	3.26502 
302.72 	2.32868 	3.26276 
303.49 	2.34016 	3.26038 
304.26 	2.35145 	3.25786 
305.02 	2.36254 	3.25523 
305.79 	2.37344 	3.25248 
306.56 	2.38414 	3.24963 
307.33 	2.39463 	3.24668 
308.10 	2.40492 	3.24364 
308.87 	2.41501 	3.24051 
309.63 	2.42490 	3.23731 
310.40 	2.43458 	3.23404 
311.17 	2.44406 	3.23070 
311.94 	2.45334 	3.22731 
312.71 	2.46242 	3.22387 
313.47 	2.47129 	3.22039 
314.24 	2.47997 	3.21687 
315.01 	2.48845 	3.21331 
315.78 	2.49673 	3.20974 
316.54 	2.50481 	3.20615 
317.31 	2.51271 	3.20254 
318.08 	2.52041 	3.19893 
318.85 	2.52793 	3.19532 
319.61 	2.53526 	3.19171 
320.38 	2.54241 	3.18811 
321.15 	2.54938 	3.18453 
321.92 	2.55617 	3.18097 
322.68 	2.56279 	3.17743 
323.45 	2.56924 	3.17392 
324.22 	2.57553 	3.17044 
324.98 	2.58165 	3.16700 
325.75 	2.58762 	3.16360 
326.52 	2.59343 	3.16025 
327.28 	2.59909 	3.15694 
328.05 	2.60460 	3.15368 
328.82 	2.60997 	3.15048 
329.58 	2.61520 	3.14734 
330.35 	2.62029 	3.14425 
331.12 	2.62526 	3.14123 
331.88 	2.63009 	3.13827 
332.65 	2.63481 	3.13537 
333.42 	2.63940 	3.13255 
334.18 	2.64388 	3.12979 
334.95 	2.64825 	3.12711 
335.72 	2.65251 	3.12450 
336.48 	2.65667 	3.12197 
337.25 	2.66073 	3.11951 
338.01 	2.66469 	3.11712 
338.78 	2.66857 	3.11482 
339.55 	2.67235 	3.11259 
340.31 	2.67606 	3.11044 
341.08 	2.67968 	3.10837 
341.84 	2.68322 	3.10637 
342.61 	2.68670 	3.10446 
343.37 	2.69010 	3.10262 
344.14 	2.69344 	3.10086 
344.90 	2.69671 	3.09919 
345.67 	2.69993 	3.09759 
346.44 	2.70309 	3.09606 
347.20 	2.70620 	3.09462 
347.97 	2.70925 	3.09325 
348.73 	2.71226 	3.09195 
349.50 	2.71523 	3.09074 
350.26 	2.71815 	3.08959 
351.03 	2.72104 	3.08852 
351.79 	2.72389 	3.08752 
352.56 	2.72670 	3.08660 
353.32 	2.72948 	3.08574 
354.09 	2.73224 	3.08495 
354.85 	2.73496 	3.08423 
355.62 	2.73767 	3.08358 
356.38 	2.74035 	3.08299 
357.14 	2.74301 	3.08246 
357.91 	2.74564 	3.08200 
358.67 	2.74827 	3.08160 
359.44 	2.75087 	3.08126 
360.20 	2.75347 	3.08098 
360.97 	2.75605 	3.08076 
361.73 	2.75862 	3.08059 
362.49 	2.76117 	3.08048 
363.26 	2.76373 	3.08042 
364.02 	2.76627 	3.08041 
364.79 	2.76881 	3.08045 
365.55 	2.77134 	3.08055 
366.31 	2.77387 	3.08068 
367.08 	2.77640 	3.08087 
367.84 	2.77892 	3.08110 
368.61 	2.78144 	3.08138 
369.37 	2.78396 	3.08169 
370.13 	2.78649 	3.08205 
370.90 	2.78901 	3.08245 
371.66 	2.79153 	3.08289 
372.42 	2.79406 	3.08336 
373.19 	2.79659 	3.08387 
373.95 	2.79912 	3.08442 
374.71 	2.80165 	3.08500 
375.48 	2.80419 	3.08561 
376.24 	2.80673 	3.08625 
377.00 	2.80928 	3.08692 
377.77 	2.81183 	3.08762 
378.53 	2.81439 	3.08835 
379.29 	2.81695 	3.08911 
380.05 	2.81951 	3.08990 
380.82 	2.82208 	3.09070 
381.58 	2.82466 	3.09154 
382.34 	2.82724 	3.09240 
383.10 	2.82982 	3.09327 
383.87 	2.83241 	3.09418 
384.63 	2.83501 	3.09510 
385.39 	2.83761 	3.09604 
386.15 	2.84021 	3.09700 
386.92 	2.84282 	3.09798 
387.68 	2.84544 	3.09898 
388.44 	2.84806 	3.10000 
389.20 	2.85068 	3.10103 
389.96 	2.85331 	3.10208 
390.73 	2.85594 	3.10315 
391.49 	2.85858 	3.10423 
392.25 	2.86122 	3.10532 
393.01 	2.86387 	3.10643 
393.77 	2.86652 	3.10756 
394.54 	2.86917 	3.10870 
395.30 	2.87183 	3.10984 
396.06 	2.87449 	3.11101 
396.82 	2.87716 	3.11218 
397.58 	2.87982 	3.11337 
398.34 	2.88249 	3.11457 
399.11 	2.88517 	3.11578 
399.87 	2.88784 	3.11700 
400.63 	2.89052 	3.11823 
401.39 	2.89321 	3.11947 
402.15 	2.89589 	3.12073 
402.91 	2.89858 	3.12199 
403.67 	2.90127 	3.12327 
404.43 	2.90396 	3.12455 
405.19 	2.90665 	3.12584 
405.95 	2.90935 	3.12715 
406.72 	2.91205 	3.12846 
407.48 	2.91475 	3.12978 
408.24 	2.91745 	3.13112 
409.00 	2.92016 	3.13246 
409.76 	2.92287 	3.13381 
410.52 	2.92558 	3.13517 
411.28 	2.92829 	3.13654 
412.04 	2.93101 	3.13792 
412.80 	2.93373 	3.13931 
413.56 	2.93645 	3.14070 
414.32 	2.93918 	3.14211 
415.08 	2.94190 	3.14353 
415.84 	2.94464 	3.14495 
416.60 	2.94737 	3.14638 
417.36 	2.95011 	3.14783 
418.12 	2.95286 	3.14928 
418.88 	2.95560 	3.15073 
419.64 	2.95836 	3.15220 
420.40 	2.96111 	3.15368 
421.16 	2.96388 	3.15516 
421.92 	2.96664 	3.15665 
422.68 	2.96942 	3.15815 
423.44 	2.97220 	3.15966 
424.20 	2.97498 	3.16118 
424.96 	2.97777 	3.16270 
425.72 	2.98057 	3.16423 
426.48 	2.98338 	3.16577 
427.23 	2.98619 	3.16731 
427.99 	2.98901 	3.16886 
428.75 	2.99184 	3.17041 
429.51 	2.99468 	3.17198 
430.27 	2.99753 	3.17354 
431.03 	3.00039 	3.17512 
431.79 	3.00326 	3.17669 
432.55 	3.00613 	3.17828 
433.31 	3.00902 	3.17986 
434.07 	3.01192 	3.18145 
434.82 	3.01483 	3.18304 
435.58 	3.01774 	3.18464 
436.34 	3.02068 	3.18624 
437.10 	3.02362 	3.18784 
437.86 	3.02657 	3.18944 
438.62 	3.02954 	3.19104 
439.38 	3.03252 	3.19264 
440.13 	3.03551 	3.19424 
440.89 	3.03852 	3.19584 
441.65 	3.04154 	3.19744 
442.41 	3.04457 	3.19904 
443.17 	3.04762 	3.20063 
443.92 	3.05068 	3.20222 
444.68 	3.05375 	3.20381 
445.44 	3.05684 	3.20539 
446.20 	3.05994 	3.20696 
446.96 	3.06305 	3.20853 
447.71 	3.06618 	3.21009 
448.47 	3.06932 	3.21165 
449.23 	3.07247 	3.21319 
449.99 	3.07564 	3.21473 
450.74 	3.07883 	3.21626 
451.50 	3.08202 	3.21778 
452.26 	3.08523 	3.21928 
453.02 	3.08845 	3.22078 
453.77 	3.09169 	3.22226 
454.53 	3.09493 	3.22373 
455.29 	3.09819 	3.22518 
456.04 	3.10146 	3.22662 
456.80 	3.10475 	3.22805 
457.56 	3.10804 	3.22946 
458.31 	3.11135 	3.23085 
459.07 	3.11466 	3.23222 
459.83 	3.11799 	3.23358 
460.59 	3.12132 	3.23492 
461.34 	3.12466 	3.23624 
462.10 	3.12802 	3.23754 
462.86 	3.13138 	3.23882 
463.61 	3.13474 	3.24009 
464.37 	3.13812 	3.24132 
465.12 	3.14150 	3.24254 
465.88 	3.14488 	3.24374 
466.64 	3.14828 	3.24491 
467.39 	3.15167 	3.24606 
468.15 	3.15507 	3.24719 
468.91 	3.15847 	3.24829 
469.66 	3.16188 	3.24937 
470.42 	3.16528 	3.25043 
471.17 	3.16869 	3.25146 
471.93 	3.17210 	3.25246 
472.69 	3.17550 	3.25344 
473.44 	3.17891 	3.25440 
474.20 	3.18231 	3.25533 
474.95 	3.18571 	3.25623 
475.71 	3.18911 	3.25711 
476.46 	3.19250 	3.25796 
477.22 	3.19589 	3.25879 
477.98 	3.19927 	3.25959 
478.73 	3.20265 	3.26036 
479.49 	3.20601 	3.26111 
480.24 	3.20937 	3.26184 
481.00 	3.21272 	3.26253 
481.75 	3.21607 	3.26321 
482.51 	3.21940 	3.26385 
483.26 	3.22272 	3.26447 
484.02 	3.22602 	3.26507 
484.77 	3.22932 	3.26564 
485.53 	3.23260 	3.26619 
486.28 	3.23587 	3.26671 
487.04 	3.23912 	3.26721 
487.79 	3.24236 	3.26768 
488.55 	3.24558 	3.26813 
489.30 	3.24879 	3.26856 
490.06 	3.25198 	3.26896 
490.81 	3.25515 	3.26934 
491.56 	3.25831 	3.26970 
492.32 	3.26144 	3.27004 
493.07 	3.26456 	3.27036 
493.83 	3.26765 	3.27065 
494.58 	3.27073 	3.27093 
495.34 	3.27378 	3.27119 
496.09 	3.27681 	3.27142 
496.84 	3.27982 	3.27164 
497.60 	3.28281 	3.27184 
498.35 	3.28578 	3.27202 
499.11 	3.28872 	3.27219 
499.86 	3.29164 	3.27234 
500.61 	3.29454 	3.27247 
501.37 	3.29741 	3.27259 
502.12 	3.30026 	3.27269 
502.88 	3.30308 	3.27278 
503.63 	3.30588 	3.27285 
504.38 	3.30866 	3.27291 
505.14 	3.31140 	3.27296 
505.89 	3.31413 	3.27300 
506.64 	3.31682 	3.27302 
507.40 	3.31950 	3.27304 
508.15 	3.32214 	3.27304 
508.90 	3.32476 	3.27304 
509.66 	3.32736 	3.27302 
510.41 	3.32992 	3.27300 
511.16 	3.33246 	3.27297 
511.92 	3.33498 	3.27293 
512.67 	3.33747 	3.27289 
513.42 	3.33993 	3.27284 
514.17 	3.34237 	3.27278 
514.93 	3.34478 	3.27272 
515.68 	3.34716 	3.27265 
516.43 	3.34952 	3.27258 
517.18 	3.35186 	3.27251 
517.94 	3.35416 	3.27244 
518.69 	3.35644 	3.27236 
519.44 	3.35870 	3.27228 
520.19 	3.36093 	3.27220 
520.95 	3.36314 	3.27212 
521.70 	3.36532 	3.27203 
522.45 	3.36747 	3.27195 
523.20 	3.36960 	3.27187 
523.96 	3.37171 	3.27179 
524.71 	3.37379 	3.27171 
525.46 	3.37585 	3.27164 
526.21 	3.37789 	3.27156 
526.96 	3.37990 	3.27149 
527.72 	3.38189 	3.27142 
528.47 	3.38385 	3.27136 
529.22 	3.38580 	3.27130 
529.97 	3.38772 	3.27124 
530.72 	3.38962 	3.27119 
531.48 	3.39149 	3.27114 
532.23 	3.39335 	3.27110 
532.98 	3.39519 	3.27106 
533.73 	3.39700 	3.27103 
534.48 	3.39879 	3.27100 
535.23 	3.40057 	3.27098 
535.98 	3.40232 	3.27097 
536.74 	3.40406 	3.27096 
537.49 	3.40577 	3.27096 
538.24 	3.40747 	3.27097 
538.99 	3.40915 	3.27099 
539.74 	3.41081 	3.27101 
540.49 	3.41245 	3.27104 
541.24 	3.41408 	3.27108 
541.99 	3.41568 	3.27113 
542.74 	3.41728 	3.27118 
543.49 	3.41885 	3.27125 
544.24 	3.42041 	3.27132 
545.00 	3.42195 	3.27140 
545.75 	3.42348 	3.27149 
546.50 	3.42500 	3.27158 
547.25 	3.42649 	3.27169 
548.00 	3.42798 	3.27180 
548.75 	3.42945 	3.27193 
549.50 	3.43091 	3.27206 
550.25 	3.43235 	3.27220 
551.00 	3.43378 	3.27235 
551.75 	3.43519 	3.27251 
552.50 	3.43660 	3.27268 
553.25 	3.43799 	3.27286 
554.00 	3.43937 	3.27305 
554.75 	3.44074 	3.27324 
555.50 	3.44210 	3.27345 
556.25 	3.44344 	3.27366 
557.00 	3.44478 	3.27389 
557.75 	3.44611 	3.27412 
558.50 	3.44742 	3.27436 
559.25 	3.44873 	3.27461 
560.00 	3.45002 	3.27487 
560.75 	3.45131 	3.27514 
561.50 	3.45258 	3.27541 
562.25 	3.45385 	3.27570 
563.00 	3.45511 	3.27599 
563.75 	3.45636 	3.27629 
564.50 	3.45760 	3.27660 
565.25 	3.45884 	3.27692 
565.99 	3.46006 	3.27724 
566.74 	3.46128 	3.27758 
567.49 	3.46249 	3.27792 
568.24 	3.46369 	3.27827 
568.99 	3.46489 	3.27863 
569.74 	3.46608 	3.27899 
570.49 	3.46726 	3.27937 
571.24 	3.46844 	3.27975 
571.99 	3.46961 	3.28013 
572.74 	3.47077 	3.28053 
573.48 	3.47193 	3.28093 
574.23 	3.47308 	3.28134 
574.98 	3.47423 	3.28175 
575.73 	3.47537 	3.28218 
576.48 	3.47650 	3.28261 
577.23 	3.47763 	3.28304 
577.98 	3.47875 	3.28348 
578.72 	3.47987 	3.28393 
579.47 	3.48098 	3.28438 
580.22 	3.48209 	3.28484 
580.97 	3.48320 	3.28531 
581.72 	3.48430 	3.28578 
582.47 	3.48539 	3.28626 
583.21 	3.48648 	3.28674 
583.96 	3.48756 	3.28723 
584.71 	3.48864 	3.28772 
585.46 	3.48972 	3.28822 
586.21 	3.49079 	3.28872 
586.95 	3.49186 	3.28923 
587.70 	3.49292 	3.28974 
588.45 	3.49398 	3.29026 
589.20 	3.49504 	3.29078 
589.94 	3.49609 	3.29131 
590.69 	3.49714 	3.29184 
591.44 	3.49818 	3.29237 
592.19 	3.49922 	3.29291 
592.93 	3.50025 	3.29345 
593.68 	3.50129 	3.29400 
594.43 	3.50231 	3.29455 
595.18 	3.50334 	3.29510 
595.92 	3.50436 	3.29566 
596.67 	3.50538 	3.29622 
597.42 	3.50639 	3.29678 
598.16 	3.50740 	3.29735 
598.91 	3.50840 	3.29792 
599.66 	3.50941 	3.29849 
600.41 	3.51041 	3.29907 
601.15 	3.51140 	3.29964 
601.90 	3.51239 	3.30022 
602.65 	3.51338 	3.30081 
603.39 	3.51436 	3.30139 
604.14 	3.51534 	3.30198 
604.89 	3.51632 	3.30257 
605.63 	3.51729 	3.30317 
606.38 	3.51826 	3.30376 
607.13 	3.51923 	3.30436 
607.87 	3.52019 	3.30496 
608.62 	3.52115 	3.30556 
609.37 	3.52210 	3.30616 
610.11 	3.52305 	3.30676 
610.86 	3.52400 	3.30737 
611.60 	3.52494 	3.30798 
612.35 	3.52588 	3.30859 
613.10 	3.52682 	3.30920 
613.84 	3.52775 	3.30981 
614.59 	3.52868 	3.31042 
615.33 	3.52960 	3.31104 
616.08 	3.53052 	3.31165 
616.83 	3.53144 	3.31227 
617.57 	3.53235 	3.31289 
618.32 	3.53326 	3.31351 
619.06 	3.53417 	3.31413 
619.81 	3.53507 	3.31475 
620.55 	3.53596 	3.31537 
621.30 	3.53686 	3.31600 
622.05 	3.53774 	3.31662 
622.79 	3.53863 	3.31724 
623.54 	3.53951 	3.31787 
624.28 	3.54038 	3.31850 
625.03 	3.54126 	3.31912 
625.77 	3.54212 	3.31975 
626.52 	3.54299 	3.32038 
627.26 	3.54384 	3.32101 
628.01 	3.54470 	3.32164 
628.75 	3.54555 	3.32227 
629.50 	3.54639 	3.32290 
630.24 	3.54723 	3.32353 
630.99 	3.54807 	3.32416 
631.73 	3.54890 	3.32479 
632.48 	3.54973 	3.32542 
633.22 	3.55055 	3.32605 
633.97 	3.55137 	3.32669 
634.71 	3.55218 	3.32732 
635.46 	3.55299 	3.32795 
636.20 	3.55380 	3.32859 
636.95 	3.55460 	3.32922 
637.69 	3.55539 	3.32985 
638.44 	3.55618 	3.33049 
639.18 	3.55696 	3.33112 
639.92 	3.55774 	3.33176 
640.67 	3.55852 	3.33239 
641.41 	3.55929 	3.33303 
642.16 	3.56005 	3.33366 
642.90 	3.56081 	3.33430 
643.65 	3.56157 	3.33493 
644.39 	3.56232 	3.33557 
645.13 	3.56306 	3.33620 
645.88 	3.56380 	3.33684 
646.62 	3.56453 	3.33747 
647.37 	3.56526 	3.33811 
648.11 	3.56599 	3.33874 
648.85 	3.56671 	3.33938 
649.60 	3.56742 	3.34002 
650.34 	3.56813 	3.34065 
651.08 	3.56883 	3.34129 
651.83 	3.56953 	3.34193 
652.57 	3.57022 	3.34256 
653.31 	3.57090 	3.34320 
654.06 	3.57158 	3.34384 
654.80 	3.57226 	3.34447 
655.54 	3.57293 	3.34511 
656.29 	3.57359 	3.34575 
657.03 	3.57425 	3.34638 
657.77 	3.57490 	3.34702 
658.52 	3.57555 	3.34766 
659.26 	3.57619 	3.34830 
660.00 	3.57683 	3.34894 
660.75 	3.57746 	3.34957 
661.49 	3.57808 	3.35021 
662.23 	3.57870 	3.35085 
662.98 	3.57932 	3.35149 
663.72 	3.57992 	3.35213 
664.46 	3.58052 	3.35277 
665.20 	3.58112 	3.35341 
665.95 	3.58171 	3.35405 
666.69 	3.58229 	3.35469 
667.43 	3.58287 	3.35533 
668.17 	3.58344 	3.35597 
668.92 	3.58401 	3.35661 
669.66 	3.58457 	3.35725 
670.40 	3.58512 	3.35789 
671.14 	3.58567 	3.35853 
671.89 	3.58622 	3.35918 
672.63 	3.58675 	3.35982 
673.37 	3.58728 	3.36046 
674.11 	3.58781 	3.36111 
674.86 	3.58832 	3.36175 
675.60 	3.58884 	3.36240 
676.34 	3.58934 	3.36304 
677.08 	3.58984 	3.36369 
677.82 	3.59033 	3.36433 
678.57 	3.59082 	3.36498 
679.31 	3.59130 	3.36563 
680.05 	3.59178 	3.36627 
680.79 	3.59225 	3.36692 
681.53 	3.59271 	3.36757 
682.27 	3.59317 	3.36822 
683.02 	3.59362 	3.36887 
683.76 	3.59406 	3.36952 
684.50 	3.59450 	3.37017 
685.24 	3.59493 	3.37082 
685.98 	3.59535 	3.37148 
686.72 	3.59577 	3.37213 
687.46 	3.59618 	3.37278 
688.21 	3.59659 	3.37344 
688.95 	3.59699 	3.37410 
689.69 	3.59738 	3.37475 
690.43 	3.59777 	3.37541 
691.17 	3.59815 	3.37607 
691.91 	3.59853 	3.37673 
692.65 	3.59889 	3.37739 
693.39 	3.59925 	3.37805 
694.13 	3.59961 	3.37871 
694.88 	3.59996 	3.37938 
695.62 	3.60030 	3.38004 
696.36 	3.60064 	3.38070 
697.10 	3.60097 	3.38137 
697.84 	3.60129 	3.38204 
698.58 	3.60161 	3.38271 
699.32 	3.60192 	3.38338 
700.06 	3.60222 	3.38405 
700.80 	3.60252 	3.38472 
701.54 	3.60281 	3.38539 
702.28 	3.60309 	3.38607 
703.02 	3.60337 	3.38674 
703.76 	3.60364 	3.38742 
704.50 	3.60391 	3.38810 
705.24 	3.60416 	3.38878 
705.98 	3.60442 	3.38946 
706.72 	3.60466 	3.39014 
707.46 	3.60490 	3.39082 
708.20 	3.60513 	3.39151 
708.94 	3.60536 	3.39219 
709.68 	3.60558 	3.39288 
710.42 	3.60579 	3.39357 
711.16 	3.60600 	3.39426 
711.90 	3.60620 	3.39495 
712.64 	3.60639 	3.39565 
713.38 	3.60658 	3.39634 
714.12 	3.60676 	3.39704 
714.86 	3.60693 	3.39774 
715.60 	3.60710 	3.39844 
716.34 	3.60726 	3.39914 
717.08 	3.60741 	3.39984 
717.82 	3.60756 	3.40055 
718.56 	3.60770 	3.40126 
719.30 	3.60783 	3.40196 
720.04 	3.60796 	3.40267 
720.78 	3.60808 	3.40339 
721.52 	3.60820 	3.40410 
722.25 	3.60831 	3.40482 
722.99 	3.60841 	3.40553 
723.73 	3.60850 	3.40625 
724.47 	3.60859 	3.40698 
725.21 	3.60868 	3.40770 
725.95 	3.60875 	3.40843 
726.69 	3.60882 	3.40915 
727.43 	3.60888 	3.40988 
728.17 	3.60894 	3.41062 
728.90 	3.60899 	3.41135 
729.64 	3.60903 	3.41209 
730.38 	3.60907 	3.41282 
731.12 	3.60910 	3.41356 
731.86 	3.60912 	3.41431 
732.60 	3.60914 	3.41505 
733.34 	3.60915 	3.41580 
734.07 	3.60915 	3.41655 
734.81 	3.60915 	3.41730 
735.55 	3.60914 	3.41805 
736.29 	3.60913 	3.41881 
737.03 	3.60911 	3.41957 
737.76 	3.60908 	3.42033 
738.50 	3.60904 	3.42109 
739.24 	3.60900 	3.42186 
739.98 	3.60896 	3.42263 
740.72 	3.60890 	3.42340 
741.45 	3.60884 	3.42417 
742.19 	3.60877 	3.42495 
742.93 	3.60870 	3.42572 
743.67 	3.60862 	3.42650 
744.41 	3.60854 	3.42729 
745.14 	3.60844 	3.42807 
745.88 	3.60834 	3.42886 
746.62 	3.60824 	3.42965 
747.36 	3.60813 	3.43045 
748.09 	3.60801 	3.43125 
748.83 	3.60789 	3.43205 
749.57 	3.60775 	3.43285 
750.31 	3.60762 	3.43365 
751.04 	3.60747 	3.43446 
751.78 	3.60732 	3.43527 
752.52 	3.60717 	3.43609 
753.25 	3.60701 	3.43690 
753.99 	3.60684 	3.43772 
754.73 	3.60666 	3.43855 
755.47 	3.60648 	3.43937 
756.20 	3.60629 	3.44020 
756.94 	3.60610 	3.44103 
757.68 	3.60590 	3.44187 
758.41 	3.60569 	3.44270 
759.15 	3.60548 	3.44355 
759.89 	3.60526 	3.44439 
760.62 	3.60504 	3.44524 
761.36 	3.60481 	3.44609 
762.10 	3.60457 	3.44694 
762.83 	3.60433 	3.44780 
763.57 	3.60408 	3.44866 
764.31 	3.60382 	3.44952 
765.04 	3.60356 	3.45039 
765.78 	3.60329 	3.45126 
766.51 	3.60302 	3.45213 
767.25 	3.60274 	3.45301 
767.99 	3.60245 	3.45389 
768.72 	3.60216 	3.45477 
769.46 	3.60186 	3.45566 
770.20 	3.60155 	3.45655 
770.93 	3.60124 	3.45744 
771.67 	3.60093 	3.45834 
772.40 	3.60060 	3.45924 
773.14 	3.60027 	3.46015 
773.87 	3.59994 	3.46106 
774.61 	3.59960 	3.46197 
775.35 	3.59925 	3.46288 
776.08 	3.59890 	3.46380 
776.82 	3.59854 	3.46473 
777.55 	3.59818 	3.46565 
778.29 	3.59780 	3.46658 
779.02 	3.59743 	3.46752 
779.76 	3.59705 	3.46845 
780.49 	3.59666 	3.46940 
781.23 	3.59626 	3.47034 
781.97 	3.59586 	3.47129 
782.70 	3.59546 	3.47224 
783.44 	3.59505 	3.47320 
784.17 	3.59463 	3.47416 
784.91 	3.59420 	3.47513 
785.64 	3.59378 	3.47610 
786.38 	3.59334 	3.47707 
787.11 	3.59290 	3.47805 
787.85 	3.59245 	3.47903 
788.58 	3.59200 	3.48001 
789.31 	3.59154 	3.48100 
790.05 	3.59108 	3.48200 
790.78 	3.59061 	3.48299 
791.52 	3.59014 	3.48399 
792.25 	3.58966 	3.48500 
792.99 	3.58917 	3.48601 
793.72 	3.58868 	3.48702 
794.46 	3.58818 	3.48804 
795.19 	3.58768 	3.48906 
795.93 	3.58717 	3.49009 
796.66 	3.58666 	3.49112 
797.39 	3.58614 	3.49216 
798.13 	3.58561 	3.49320 
798.86 	3.58508 	3.49424 
799.60 	3.58455 	3.49529 
800.33 	3.58401 	3.49634 
801.06 	3.58346 	3.49740 
801.80 	3.58291 	3.49846 
802.53 	3.58235 	3.49953 
803.27 	3.58179 	3.50060 
804.00 	3.58122 	3.50168 
804.73 	3.58065 	3.50276 
805.47 	3.58007 	3.50384 
806.20 	3.57949 	3.50493 
806.93 	3.57890 	3.50602 
807.67 	3.57830 	3.50712 
808.40 	3.57770 	3.50823 
809.13 	3.57710 	3.50933 
809.87 	3.57649 	3.51045 
810.60 	3.57587 	3.51156 
811.33 	3.57525 	3.51269 
812.07 	3.57463 	3.51381 
812.80 	3.57400 	3.51494 
813.53 	3.57336 	3.51608 
814.27 	3.57272 	3.51722 
815.00 	3.57208 	3.51837 
815.73 	3.57143 	3.51952 
816.46 	3.57077 	3.52067 
817.20 	3.57011 	3.52183 
817.93 	3.56944 	3.52300 
818.66 	3.56877 	3.52417 
819.40 	3.56810 	3.52534 
820.13 	3.56742 	3.52652 
820.86 	3.56673 	3.52771 
821.59 	3.56604 	3.52890 
822.33 	3.56535 	3.53009 
823.06 	3.56465 	3.53129 
823.79 	3.56394 	3.53250 
824.52 	3.56324 	3.53371 
825.26 	3.56252 	3.53493 
825.99 	3.56180 	3.53615 
826.72 	3.56108 	3.53737 
827.45 	3.56035 	3.53860 
828.18 	3.55962 	3.53984 
828.92 	3.55888 	3.54108 
829.65 	3.55814 	3.54233 
830.38 	3.55739 	3.54358 
831.11 	3.55664 	3.54484 
831.84 	3.55589 	3.54610 
832.57 	3.55513 	3.54737 
833.31 	3.55436 	3.54864 
834.04 	3.55360 	3.54992 
834.77 	3.55282 	3.55120 
835.50 	3.55205 	3.55249 
836.23 	3.55126 	3.55378 
836.96 	3.55048 	3.55508 
837.69 	3.54969 	3.55639 
838.43 	3.54889 	3.55770 
839.16 	3.54809 	3.55901 
839.89 	3.54729 	3.56034 
840.62 	3.54648 	3.56166 
841.35 	3.54567 	3.56299 
842.08 	3.54485 	3.56433 
842.81 	3.54403 	3.56568 
843.54 	3.54321 	3.56702 
844.27 	3.54238 	3.56838 
845.00 	3.54155 	3.56974 
845.74 	3.54071 	3.57110 
846.47 	3.53987 	3.57247 
847.20 	3.53903 	3.57385 
847.93 	3.53818 	3.57523 
848.66 	3.53733 	3.57662 
849.39 	3.53647 	3.57801 
850.12 	3.53561 	3.57941 
850.85 	3.53475 	3.58082 
851.58 	3.53388 	3.58223 
852.31 	3.53301 	3.58365 
853.04 	3.53213 	3.58507 
853.77 	3.53125 	3.58650 
854.50 	3.53037 	3.58793 
855.23 	3.52948 	3.58937 
855.96 	3.52859 	3.59081 
856.69 	3.52770 	3.59226 
857.42 	3.52680 	3.59372 
858.15 	3.52590 	3.59518 
858.88 	3.52499 	3.59665 
859.61 	3.52409 	3.59813 
860.34 	3.52318 	3.59960 
861.07 	3.52226 	3.60109 
861.80 	3.52134 	3.60258 
862.53 	3.52042 	3.60408 
863.26 	3.51949 	3.60558 
863.99 	3.51856 	3.60709 
864.71 	3.51763 	3.60861 
865.44 	3.51670 	3.61013 
866.17 	3.51576 	3.61166 
866.90 	3.51482 	3.61319 
867.63 	3.51387 	3.61473 
868.36 	3.51292 	3.61627 
869.09 	3.51197 	3.61782 
869.82 	3.51102 	3.61938 
870.55 	3.51006 	3.62094 
871.28 	3.50910 	3.62251 
872.00 	3.50813 	3.62409 
872.73 	3.50717 	3.62567 
873.46 	3.50620 	3.62726 
874.19 	3.50522 	3.62885 
874.92 	3.50425 	3.63045 
875.65 	3.50327 	3.63206 
876.37 	3.50229 	3.63367 
877.10 	3.50130 	3.63528 
877.83 	3.50032 	3.63691 
878.56 	3.49933 	3.63854 
879.29 	3.49833 	3.64017 
880.02 	3.49734 	3.64182 
880.74 	3.49634 	3.64346 
881.47 	3.49534 	3.64512 
882.20 	3.49434 	3.64678 
882.93 	3.49333 	3.64845 
883.65 	3.49232 	3.65012 
884.38 	3.49131 	3.65180 
885.11 	3.49030 	3.65348 
885.84 	3.48928 	3.65517 
886.56 	3.48826 	3.65687 
887.29 	3.48724 	3.65858 
888.02 	3.48622 	3.66029 
888.75 	3.48519 	3.66200 
889.47 	3.48416 	3.66373 
890.20 	3.48313 	3.66545 
890.93 	3.48210 	3.66719 
891.66 	3.48106 	3.66893 
892.38 	3.48003 	3.67068 
893.11 	3.47899 	3.67243 
893.84 	3.47795 	3.67419 
894.56 	3.47690 	3.67596 
895.29 	3.47586 	3.67773 
896.02 	3.47481 	3.67951 
896.74 	3.47376 	3.68129 
897.47 	3.47271 	3.68309 
898.20 	3.47165 	3.68488 
898.92 	3.47060 	3.68669 
899.65 	3.46954 	3.68850 
900.37 	3.46848 	3.69031 
901.10 	3.46742 	3.69214 
901.83 	3.46635 	3.69397 
902.55 	3.46529 	3.69580 
903.28 	3.46422 	3.69764 
904.00 	3.46315 	3.69949 
904.73 	3.46208 	3.70135 
905.46 	3.46101 	3.70321 
906.18 	3.45994 	3.70507 
906.91 	3.45886 	3.70695 
907.63 	3.45779 	3.70883 
908.36 	3.45671 	3.71071 
909.08 	3.45563 	3.71260 
909.81 	3.45455 	3.71450 
910.54 	3.45347 	3.71641 
911.26 	3.45238 	3.71832 
911.99 	3.45130 	3.72024 
912.71 	3.45021 	3.72216 
913.44 	3.44912 	3.72409 
914.16 	3.44803 	3.72603 
914.89 	3.44694 	3.72797 
915.61 	3.44585 	3.72992 
916.34 	3.44476 	3.73188 
917.06 	3.44366 	3.73384 
917.78 	3.44257 	3.73581 
918.51 	3.44147 	3.73778 
919.23 	3.44037 	3.73976 
919.96 	3.43928 	3.74175 
920.68 	3.43818 	3.74374 
921.41 	3.43708 	3.74574 
922.13 	3.43598 	3.74775 
922.86 	3.43487 	3.74976 
923.58 	3.43377 	3.75178 
924.30 	3.43267 	3.75381 
925.03 	3.43156 	3.75584 
925.75 	3.43046 	3.75788 
926.48 	3.42935 	3.75992 
927.20 	3.42824 	3.76197 
927.92 	3.42713 	3.76403 
928.65 	3.42603 	3.76609 
929.37 	3.42492 	3.76816 
930.09 	3.42381 	3.77024 
930.82 	3.42270 	3.77232 
931.54 	3.42159 	3.77441 
932.26 	3.42048 	3.77650 
932.99 	3.41936 	3.77860 
933.71 	3.41825 	3.78071 
934.43 	3.41714 	3.78283 
935.16 	3.41603 	3.78495 
935.88 	3.41491 	3.78707 
936.60 	3.41380 	3.78920 
937.32 	3.41269 	3.79134 
938.05 	3.41157 	3.79349 
938.77 	3.41046 	3.79564 
939.49 	3.40934 	3.79780 
940.22 	3.40823 	3.79996 
940.94 	3.40711 	3.80213 
941.66 	3.40600 	3.80431 
942.38 	3.40488 	3.80649 
943.10 	3.40377 	3.80868 
943.83 	3.40265 	3.81087 
944.55 	3.40154 	3.81307 
945.27 	3.40042 	3.81528 
945.99 	3.39931 	3.81749 
946.71 	3.39819 	3.81971 
947.44 	3.39708 	3.82194 
948.16 	3.39596 	3.82417 
948.88 	3.39485 	3.82641 
949.60 	3.39373 	3.82865 
950.32 	3.39262 	3.83090 
951.04 	3.39151 	3.83316 
951.76 	3.39039 	3.83542 
952.49 	3.38928 	3.83769 
953.21 	3.38817 	3.83996 
953.93 	3.38705 	3.84224 
954.65 	3.38594 	3.84453 
955.37 	3.38483 	3.84682 
956.09 	3.38372 	3.84912 
956.81 	3.38261 	3.85143 
957.53 	3.38150 	3.85374 
958.25 	3.38039 	3.85606 
