380	1.722866964	0.061382129
381	1.721701488	0.058316094
382	1.720417284	0.055250108
383	1.719000892	0.052190406
384	1.717437944	0.04914715
385	1.715714239	0.046134957
386	1.713817256	0.043173976
387	1.711737907	0.040289656
388	1.709471902	0.037512536
389	1.707023138	0.034876529
390	1.704404001	0.03241746
391	1.701637363	0.030169482
392	1.69875562	0.028161615
393	1.695799482	0.026414676
394	1.692815078	0.024938427
395	1.689849413	0.023730239
396	1.686947463	0.022775557
397	1.684146742	0.022049514
398	1.681476543	0.021520253
399	1.678955954	0.021152154
400	1.676594335	0.020909006
401	1.674392524	0.020756866
402	1.672344981	0.02066575
403	1.670440822	0.020610441
404	1.668667069	0.020570933
405	1.667008291	0.020532116
406	1.665450238	0.020483025
407	1.663977847	0.020416586
408	1.6625781	0.020328307
409	1.66123896	0.020216092
410	1.659949873	0.020079535
411	1.65870177	0.019919248
412	1.65748693	0.019736863
413	1.656298691	0.01953431
414	1.655131455	0.019313954
415	1.653980762	0.01907824
416	1.65284293	0.018829641
417	1.651714555	0.018570574
418	1.650593159	0.018303425
419	1.649476833	0.018030297
420	1.648363588	0.017753312
421	1.647252149	0.017474351
422	1.646141597	0.017195178
423	1.645030575	0.016917334
424	1.643918587	0.016642303
425	1.642805135	0.016371439
426	1.641689573	0.016105937
427	1.640571469	0.015846885
428	1.639450678	0.015595321
429	1.638326764	0.015352088
430	1.637199724	0.015118112
431	1.636069117	0.014894079
432	1.63493501	0.014680697
433	1.633797326	0.014478641
434	1.632655985	0.014288474
435	1.63151076	0.014110793
436	1.630361644	0.013946054
437	1.629208702	0.013794798
438	1.628051852	0.013657429
439	1.626891086	0.013534398
440	1.625726542	0.013426083
441	1.6245577	0.013332915
442	1.623385136	0.013255236
443	1.622208625	0.013193456
444	1.621028084	0.013147829
445	1.619843728	0.013118794
446	1.618655548	0.013106611
447	1.617463245	0.01311162
448	1.616267402	0.013134166
449	1.615067719	0.013174568
450	1.613864118	0.013233114
451	1.612657186	0.01331012
452	1.611446403	0.013405913
453	1.610232284	0.013520786
454	1.60901468	0.013655076
455	1.607793813	0.013809029
456	1.606569834	0.013983024
457	1.605342668	0.014177361
458	1.604112692	0.014392317
459	1.60287991	0.014628226
460	1.601644475	0.014885403
461	1.600406619	0.015164152
462	1.5991665	0.015464791
463	1.597924351	0.015787605
464	1.596680409	0.016132938
465	1.59543491	0.016501082
466	1.594187946	0.016892377
467	1.592940057	0.017307082
468	1.591691487	0.017745583
469	1.590442259	0.018208095
470	1.589192919	0.018694981
471	1.587943719	0.019206525
472	1.586695138	0.019742996
473	1.585447583	0.020304746
474	1.584201085	0.020891993
475	1.582956508	0.021505056
476	1.581713967	0.022144219
477	1.580474104	0.022809682
478	1.57923719	0.023501785
479	1.578003874	0.024220751
480	1.576774585	0.024966819
481	1.575549751	0.025740205
482	1.57433026	0.026541143
483	1.573116322	0.027369801
484	1.571908605	0.028226502
485	1.570707701	0.029111271
486	1.569514361	0.030024302
487	1.568328959	0.030965833
488	1.56715248	0.031935903
489	1.565985229	0.03293472
490	1.564828044	0.033962316
491	1.563681694	0.035018839
492	1.562546642	0.0361043
493	1.561424044	0.03721872
494	1.560314067	0.038362208
495	1.559218023	0.039534657
496	1.558136315	0.040736153
497	1.55707003	0.041966539
498	1.556019425	0.043225881
499	1.554985822	0.044513969
500	1.55396986	0.045830719
501	1.55297226	0.047176043
502	1.551993814	0.048549703
503	1.551035626	0.049951479
504	1.55009819	0.051381246
505	1.549182534	0.052838697
506	1.54828946	0.054323576
507	1.547419689	0.055835551
508	1.546574327	0.057374219
509	1.545754105	0.058939385
510	1.544959662	0.060530565
511	1.544192182	0.062147276
512	1.543452151	0.06378907
513	1.542740679	0.065455587
514	1.542058481	0.067146285
515	1.541406342	0.068860526
516	1.540785207	0.070597796
517	1.540195627	0.072357485
518	1.53963869	0.074138953
519	1.539114948	0.075941693
520	1.53862531	0.07776471
521	1.538170558	0.079607577
522	1.537751216	0.081469494
523	1.537368108	0.083349543
524	1.53702222	0.085247021
525	1.536713903	0.087161085
526	1.536443976	0.089091002
527	1.536213079	0.091035765
528	1.536021543	0.092994476
529	1.535870542	0.094966207
530	1.535760314	0.096950034
531	1.535691393	0.098944963
532	1.535664616	0.100949984
533	1.535680038	0.102964151
534	1.535738621	0.104986253
535	1.535840492	0.107015517
536	1.535986276	0.109050621
537	1.536176216	0.111090488
538	1.536410925	0.113133915
539	1.536690486	0.115180047
540	1.537015393	0.117227386
541	1.537385784	0.119275022
542	1.537802142	0.12132162
543	1.538264477	0.123365894
544	1.538773122	0.12540685
545	1.539327983	0.127443124
546	1.539929734	0.129473427
547	1.540577888	0.131496588
548	1.541272549	0.133511242
549	1.542013973	0.135516126
550	1.542802111	0.137510138
551	1.543636621	0.13949159
552	1.544517832	0.141459543
553	1.545445325	0.143412557
554	1.546418903	0.145349203
555	1.547438464	0.147268337
556	1.548503781	0.149168439
557	1.549614352	0.15104841
558	1.550770094	0.152906792
559	1.551970394	0.154742313
560	1.553214919	0.1565535
561	1.554503205	0.158339173
562	1.555834607	0.160097961
563	1.55720871	0.161828538
564	1.558624942	0.163529625
565	1.560082588	0.165200065
566	1.561580803	0.166838242
567	1.56311911	0.168443161
568	1.564696604	0.170013447
569	1.566312553	0.171547913
570	1.567965834	0.173045311
571	1.569655545	0.174504308
572	1.571381048	0.175923937
573	1.573140834	0.177302885
574	1.574934327	0.178640015
575	1.576760136	0.179934369
576	1.578617149	0.18118473
577	1.580504044	0.182389991
578	1.58241975	0.183549222
579	1.58436297	0.184661454
580	1.586332266	0.185725749
581	1.588326205	0.186741127
582	1.590343601	0.187706739
583	1.592382764	0.188621846
584	1.594442387	0.189485695
585	1.596520558	0.19029739
586	1.59861625	0.191056466
587	1.600727297	0.191762209
588	1.60285254	0.192414113
589	1.604990225	0.193011562
590	1.607138422	0.193554252
591	1.609295421	0.19404169
592	1.611459932	0.194473709
593	1.613629609	0.194849867
594	1.615802838	0.195170101
595	1.617978003	0.195434259
596	1.620153231	0.195642332
597	1.622326732	0.195794303
598	1.624496528	0.195890249
599	1.626661026	0.195930313
600	1.628818013	0.195914802
601	1.630966086	0.195843958
602	1.633103371	0.195718223
603	1.635228072	0.195537969
604	1.637338214	0.195303786
605	1.639432198	0.19501623
606	1.641508162	0.19467599
607	1.643564477	0.194283773
608	1.645599614	0.19384041
609	1.647611768	0.193346775
610	1.649599365	0.192803738
611	1.651560789	0.192212364
612	1.653494433	0.191573722
613	1.655398853	0.19088894
614	1.657272964	0.19015911
615	1.659114788	0.189385613
616	1.660923469	0.188569561
617	1.662697484	0.187712435
618	1.664435859	0.186815514
619	1.666137145	0.185880262
620	1.667800399	0.184908159
621	1.669424604	0.183900684
622	1.671008681	0.182859394
623	1.672551911	0.181785869
624	1.674053348	0.18068161
625	1.675512146	0.179548379
626	1.676927849	0.178387654
627	1.678299458	0.177201189
628	1.67962682	0.175990692
629	1.680909183	0.174757672
630	1.682146321	0.17350395
631	1.683337695	0.172231135
632	1.684483052	0.170940941
633	1.685582342	0.169635037
634	1.686635222	0.168315111
635	1.68764162	0.166982783
636	1.688601529	0.165639714
637	1.68951507	0.164287528
638	1.690382222	0.162927928
639	1.691203142	0.16156235
640	1.691978078	0.160192553
641	1.692707235	0.158819941
642	1.693391039	0.157446129
643	1.694029608	0.15607251
644	1.694623631	0.154700703
645	1.69517327	0.153332009
646	1.69567939	0.151967856
647	1.696142147	0.150609685
648	1.696562304	0.149258726
649	1.69694042	0.147916402
650	1.6972771	0.146583927
651	1.697572935	0.145262471
652	1.697828942	0.143953287
653	1.698045491	0.14265757
654	1.698223427	0.141376392
655	1.698363736	0.140110879
656	1.698466822	0.138862015
657	1.69853394	0.137630911
658	1.698565477	0.136418464
659	1.698562529	0.135225678
660	1.6985259	0.134053496
661	1.698456379	0.132902707
662	1.698355046	0.13177427
663	1.69822261	0.13066894
664	1.698059851	0.129587479
665	1.697867969	0.128530719
666	1.697647529	0.127499424
667	1.697399781	0.126494204
668	1.697125219	0.125515855
669	1.696825092	0.124564972
670	1.696500228	0.123642186
671	1.696151462	0.122748213
672	1.695779755	0.121883543
673	1.695386077	0.121048838
674	1.694971256	0.120244696
675	1.694536108	0.11947157
676	1.694081604	0.118730076
677	1.693608848	0.118020724
678	1.6931186	0.117344101
679	1.692611823	0.116700667
680	1.692089205	0.116090958
681	1.691552139	0.115515456
682	1.691000963	0.114974695
683	1.690437216	0.114469163
684	1.689861382	0.113999381
685	1.68927444	0.113565838
686	1.688677516	0.113169089
687	1.688071666	0.112809616
688	1.687457527	0.112487922
689	1.686836304	0.112204557
690	1.686208997	0.111960066
691	1.685576607	0.111754982
692	1.684940214	0.111589868
693	1.684300901	0.111465306
694	1.683659683	0.11138186
695	1.683017729	0.111340162
696	1.682376418	0.11134078
697	1.681736646	0.111384404
698	1.681099948	0.111471627
699	1.680467584	0.111603107
700	1.67984068	0.111779554
701	1.679221148	0.112001652
702	1.678609981	0.112270048
703	1.678009111	0.112585538
704	1.677420042	0.112948795
705	1.676844575	0.113360565
706	1.676284586	0.113821597
707	1.675741892	0.11433263
708	1.675218739	0.114894397
709	1.674717241	0.115507644
710	1.674239659	0.116173072
711	1.673788476	0.116891405
712	1.673366321	0.117663287
713	1.672975974	0.118489394
714	1.672620498	0.119370255
715	1.67230303	0.120306356
716	1.672026789	0.121298232
717	1.671795199	0.122346211
718	1.67161246	0.12345044
719	1.67148227	0.124610992
720	1.671409109	0.125827843
721	1.671397436	0.127100708
722	1.671452044	0.128429033
723	1.671577919	0.129812027
724	1.671780668	0.131248749
725	1.67206555	0.132737584
726	1.672438721	0.134276766
727	1.672906343	0.135863977
728	1.673474727	0.137496422
729	1.674150824	0.139170849
730	1.674941165	0.140882884
731	1.675852943	0.14262815
732	1.676893314	0.14440087
733	1.67806931	0.146194618
734	1.679388387	0.148002224
735	1.680857501	0.14981511
736	1.682483371	0.151623936
737	1.68427249	0.153418078
738	1.686230842	0.155185765
739	1.688363602	0.156913934
740	1.690675284	0.158588378
741	1.693168808	0.160193585
742	1.695846368	0.161712895
743	1.698708471	0.163128717
744	1.701753157	0.164422194
745	1.704977281	0.165573894
746	1.708375084	0.166563865
747	1.711938465	0.167371837
748	1.715655942	0.16797746
749	1.719514549	0.168361228
750	1.723497086	0.168504172
751	1.727584651	0.168388844
752	1.731754875	0.167999697
753	1.73598368	0.167323467
754	1.740243403	0.166349753
755	1.744506012	0.165071206
756	1.748741286	0.163484298
757	1.752918392	0.161589305
758	1.757006477	0.159390307
759	1.760974879	0.156895727
760	1.76479438	0.154117895
761	1.768437289	0.151072647
762	1.771878449	0.147779672
763	1.775095815	0.144261075
764	1.778070124	0.140541933
765	1.780786016	0.136648947
766	1.783231636	0.132609935
767	1.785399272	0.128453696
768	1.787284857	0.124208655
769	1.788887646	0.119902598
770	1.790210547	0.115563002
771	1.79125924	0.111214947
772	1.792042205	0.106882181
773	1.79256971	0.102586602
774	1.792854258	0.098347206
775	1.792909724	0.094181643
776	1.792750765	0.090104231
777	1.792392622	0.08612752
778	1.791851224	0.082262104
779	1.791142209	0.078515996
780	1.790281007	0.074895522