300.2678223	1.488704728	0
301.049327	1.48853939	0
301.8308317	1.488375273	0
302.6123364	1.488212365	0
303.393841	1.488050655	0
304.1753457	1.48789013	0
304.9568504	1.487730779	0
305.7383551	1.487572591	0
306.5198598	1.487415553	0
307.3013645	1.487259655	0
308.0828692	1.487104885	0
308.8643738	1.486951233	0
309.6458785	1.486798687	0
310.4273832	1.486647238	0
311.2088879	1.486496874	0
311.9903926	1.486347584	0
312.7718973	1.48619936	0
313.5534019	1.486052189	0
314.3349066	1.485906063	0
315.1164113	1.485760972	0
315.897916	1.485616905	0
316.6794207	1.485473852	0
317.4609254	1.485331805	0
318.24243	1.485190754	0
319.0239347	1.485050688	0
319.8054394	1.4849116	0
320.5869441	1.48477348	0
321.3684488	1.484636319	0
322.1499535	1.484500107	0
322.9314582	1.484364837	0
323.7129628	1.484230499	0
324.4944675	1.484097084	0
325.2759722	1.483964585	0
326.0574769	1.483832993	0
326.8389816	1.483702299	0
327.6204863	1.483572495	0
328.4019909	1.483443573	0
329.1834956	1.483315525	0
329.9650003	1.483188343	0
330.746505	1.483062019	0
331.5280097	1.482936546	0
332.3095144	1.482811915	0
333.091019	1.48268812	0
333.8725237	1.482565152	0
334.6540284	1.482443004	0
335.4355331	1.482321669	0
336.2170378	1.482201139	0
336.9985425	1.482081408	0
337.7800472	1.481962468	0
338.5615518	1.481844313	0
339.3430565	1.481726934	0
340.1245612	1.481610326	0
340.9060659	1.481494482	0
341.6875706	1.481379395	0
342.4690753	1.481265058	0
343.2505799	1.481151465	0
344.0320846	1.481038609	0
344.8135893	1.480926483	0
345.595094	1.480815083	0
346.3765987	1.4807044	0
347.1581034	1.48059443	0
347.939608	1.480485165	0
348.7211127	1.4803766	0
349.5026174	1.480268729	0
350.2841221	1.480161546	0
351.0656268	1.480055044	0
351.8471315	1.479949219	0
352.6286362	1.479844064	0
353.4101408	1.479739573	0
354.1916455	1.479635742	0
354.9731502	1.479532564	0
355.7546549	1.479430033	0
356.5361596	1.479328146	0
357.3176643	1.479226895	0
358.0991689	1.479126276	0
358.8806736	1.479026284	0
359.6621783	1.478926912	0
360.443683	1.478828157	0
361.2251877	1.478730013	0
362.0066924	1.478632474	0
362.788197	1.478535536	0
363.5697017	1.478439194	0
364.3512064	1.478343443	0
365.1327111	1.478248278	0
365.9142158	1.478153695	0
366.6957205	1.478059687	0
367.4772252	1.477966252	0
368.2587298	1.477873384	0
369.0402345	1.477781078	0
369.8217392	1.47768933	0
370.6032439	1.477598136	0
371.3847486	1.47750749	0
372.1662533	1.477417389	0
372.9477579	1.477327828	0
373.7292626	1.477238803	0
374.5107673	1.47715031	0
375.292272	1.477062344	0
376.0737767	1.4769749	0
376.8552814	1.476887976	0
377.636786	1.476801566	0
378.4182907	1.476715667	0
379.1997954	1.476630275	0
379.9813001	1.476545385	0
380.7628048	1.476460993	0
381.5443095	1.476377097	0
382.3258142	1.476293691	0
383.1073188	1.476210772	0
383.8888235	1.476128337	0
384.6703282	1.476046381	0
385.4518329	1.4759649	0
386.2333376	1.475883891	0
387.0148423	1.475803351	0
387.7963469	1.475723275	0
388.5778516	1.475643661	0
389.3593563	1.475564504	0
390.140861	1.4754858	0
390.9223657	1.475407548	0
391.7038704	1.475329742	0
392.485375	1.47525238	0
393.2668797	1.475175459	0
394.0483844	1.475098974	0
394.8298891	1.475022922	0
395.6113938	1.474947301	0
396.3928985	1.474872107	0
397.1744032	1.474797337	0
397.9559078	1.474722987	0
398.7374125	1.474649055	0
399.5189172	1.474575537	0
400.3004219	1.47450243	0
401.0819266	1.474429731	0
401.8634313	1.474357437	0
402.6449359	1.474285545	0
403.4264406	1.474214052	0
404.2079453	1.474142955	0
404.98945	1.474072252	0
405.7709547	1.474001938	0
406.5524594	1.473932012	0
407.3339641	1.47386247	0
408.1154687	1.47379331	0
408.8969734	1.473724528	0
409.6784781	1.473656123	0
410.4599828	1.473588091	0
411.2414875	1.473520429	0
412.0229922	1.473453135	0
412.8044968	1.473386207	0
413.5860015	1.473319641	0
414.3675062	1.473253435	0
415.1490109	1.473187586	0
415.9305156	1.473122091	0
416.7120203	1.473056949	0
417.4935249	1.472992157	0
418.2750296	1.472927711	0
419.0565343	1.472863611	0
419.838039	1.472799852	0
420.6195437	1.472736433	0
421.4010484	1.472673351	0
422.1825531	1.472610604	0
422.9640577	1.47254819	0
423.7455624	1.472486106	0
424.5270671	1.472424349	0
425.3085718	1.472362918	0
426.0900765	1.472301811	0
426.8715812	1.472241024	0
427.6530858	1.472180555	0
428.4345905	1.472120403	0
429.2160952	1.472060566	0
429.9975999	1.47200104	0
430.7791046	1.471941824	0
431.5606093	1.471882916	0
432.3421139	1.471824313	0
433.1236186	1.471766014	0
433.9051233	1.471708016	0
434.686628	1.471650317	0
435.4681327	1.471592915	0
436.2496374	1.471535808	0
437.0311421	1.471478995	0
437.8126467	1.471422472	0
438.5941514	1.471366239	0
439.3756561	1.471310293	0
440.1571608	1.471254631	0
440.9386655	1.471199253	0
441.7201702	1.471144156	0
442.5016748	1.471089339	0
443.2831795	1.471034799	0
444.0646842	1.470980534	0
444.8461889	1.470926543	0
445.6276936	1.470872824	0
446.4091983	1.470819375	0
447.1907029	1.470766194	0
447.9722076	1.47071328	0
448.7537123	1.47066063	0
449.535217	1.470608243	0
450.3167217	1.470556117	0
451.0982264	1.470504251	0
451.8797311	1.470452642	0
452.6612357	1.470401289	0
453.4427404	1.47035019	0
454.2242451	1.470299343	0
455.0057498	1.470248748	0
455.7872545	1.470198402	0
456.5687592	1.470148303	0
457.3502638	1.47009845	0
458.1317685	1.470048842	0
458.9132732	1.469999476	0
459.6947779	1.469950351	0
460.4762826	1.469901466	0
461.2577873	1.469852819	0
462.0392919	1.469804408	0
462.8207966	1.469756232	0
463.6023013	1.46970829	0
464.383806	1.469660579	0
465.1653107	1.469613099	0
465.9468154	1.469565848	0
466.7283201	1.469518824	0
467.5098247	1.469472026	0
468.2913294	1.469425452	0
469.0728341	1.469379101	0
469.8543388	1.469332972	0
470.6358435	1.469287064	0
471.4173482	1.469241374	0
472.1988528	1.469195901	0
472.9803575	1.469150645	0
473.7618622	1.469105603	0
474.5433669	1.469060774	0
475.3248716	1.469016157	0
476.1063763	1.468971751	0
476.8878809	1.468927554	0
477.6693856	1.468883565	0
478.4508903	1.468839783	0
479.232395	1.468796205	0
480.0138997	1.468752832	0
480.7954044	1.468709662	0
481.5769091	1.468666693	0
482.3584137	1.468623925	0
483.1399184	1.468581355	0
483.9214231	1.468538983	0
484.7029278	1.468496808	0
485.4844325	1.468454828	0
486.2659372	1.468413042	0
487.0474418	1.468371449	0
487.8289465	1.468330048	0
488.6104512	1.468288837	0
489.3919559	1.468247816	0
490.1734606	1.468206982	0
490.9549653	1.468166336	0
491.7364699	1.468125876	0
492.5179746	1.4680856	0
493.2994793	1.468045508	0
494.080984	1.468005599	0
494.8624887	1.46796587	0
495.6439934	1.467926323	0
496.4254981	1.467886954	0
497.2070027	1.467847763	0
497.9885074	1.46780875	0
498.7700121	1.467769912	0
499.5515168	1.46773125	0
500.3330215	1.467692761	0
501.1145262	1.467654445	0
501.8960308	1.4676163	0
502.6775355	1.467578327	0
503.4590402	1.467540523	0
504.2405449	1.467502888	0
505.0220496	1.467465421	0
505.8035543	1.46742812	0
506.5850589	1.467390985	0
507.3665636	1.467354014	0
508.1480683	1.467317208	0
508.929573	1.467280564	0
509.7110777	1.467244082	0
510.4925824	1.467207761	0
511.2740871	1.4671716	0
512.0555917	1.467135597	0
512.8370964	1.467099753	0
513.6186011	1.467064066	0
514.4001058	1.467028535	0
515.1816105	1.466993159	0
515.9631152	1.466957938	0
516.7446198	1.46692287	0
517.5261245	1.466887954	0
518.3076292	1.466853191	0
519.0891339	1.466818578	0
519.8706386	1.466784115	0
520.6521433	1.466749801	0
521.433648	1.466715635	0
522.2151526	1.466681617	0
522.9966573	1.466647745	0
523.778162	1.466614019	0
524.5596667	1.466580437	0
525.3411714	1.466547	0
526.1226761	1.466513705	0
526.9041807	1.466480553	0
527.6856854	1.466447543	0
528.4671901	1.466414673	0
529.2486948	1.466381943	0
530.0301995	1.466349353	0
530.8117042	1.4663169	0
531.5932088	1.466284585	0
532.3747135	1.466252407	0
533.1562182	1.466220365	0
533.9377229	1.466188458	0
534.7192276	1.466156686	0
535.5007323	1.466125047	0
536.282237	1.466093541	0
537.0637416	1.466062167	0
537.8452463	1.466030925	0
538.626751	1.465999814	0
539.4082557	1.465968832	0
540.1897604	1.46593798	0
540.9712651	1.465907256	0
541.7527697	1.465876661	0
542.5342744	1.465846192	0
543.3157791	1.46581585	0
544.0972838	1.465785633	0
544.8787885	1.465755541	0
545.6602932	1.465725574	0
546.4417978	1.465695731	0
547.2233025	1.46566601	0
548.0048072	1.465636412	0
548.7863119	1.465606935	0
549.5678166	1.465577579	0
550.3493213	1.465548343	0
551.130826	1.465519227	0
551.9123306	1.46549023	0
552.6938353	1.465461352	0
553.47534	1.465432591	0
554.2568447	1.465403947	0
555.0383494	1.465375419	0
555.8198541	1.465347007	0
556.6013587	1.465318711	0
557.3828634	1.465290528	0
558.1643681	1.46526246	0
558.9458728	1.465234505	0
559.7273775	1.465206663	0
560.5088822	1.465178932	0
561.2903868	1.465151314	0
562.0718915	1.465123806	0
562.8533962	1.465096408	0
563.6349009	1.46506912	0
564.4164056	1.465041941	0
565.1979103	1.46501487	0
565.979415	1.464987908	0
566.7609196	1.464961052	0
567.5424243	1.464934304	0
568.323929	1.464907662	0
569.1054337	1.464881125	0
569.8869384	1.464854694	0
570.6684431	1.464828367	0
571.4499477	1.464802144	0
572.2314524	1.464776024	0
573.0129571	1.464750007	0
573.7944618	1.464724093	0
574.5759665	1.46469828	0
575.3574712	1.464672569	0
576.1389758	1.464646959	0
576.9204805	1.464621448	0
577.7019852	1.464596038	0
578.4834899	1.464570726	0
579.2649946	1.464545513	0
580.0464993	1.464520399	0
580.828004	1.464495382	0
581.6095086	1.464470462	0
582.3910133	1.464445638	0
583.172518	1.464420911	0
583.9540227	1.464396279	0
584.7355274	1.464371743	0
585.5170321	1.464347301	0
586.2985367	1.464322953	0
587.0800414	1.464298699	0
587.8615461	1.464274538	0
588.6430508	1.46425047	0
589.4245555	1.464226494	0
590.2060602	1.46420261	0
590.9875648	1.464178817	0
591.7690695	1.464155115	0
592.5505742	1.464131504	0
593.3320789	1.464107982	0
594.1135836	1.464084549	0
594.8950883	1.464061206	0
595.676593	1.464037951	0
596.4580976	1.464014784	0
597.2396023	1.463991705	0
598.021107	1.463968713	0
598.8026117	1.463945808	0
599.5841164	1.463922989	0
600.3656211	1.463900256	0
601.1471257	1.463877609	0
601.9286304	1.463855046	0
602.7101351	1.463832568	0
603.4916398	1.463810174	0
604.2731445	1.463787864	0
605.0546492	1.463765638	0
605.8361538	1.463743494	0
606.6176585	1.463721433	0
607.3991632	1.463699454	0
608.1806679	1.463677556	0
608.9621726	1.46365574	0
609.7436773	1.463634005	0
610.525182	1.46361235	0
611.3066866	1.463590775	0
612.0881913	1.46356928	0
612.869696	1.463547864	0
613.6512007	1.463526528	0
614.4327054	1.463505269	0
615.2142101	1.463484089	0
615.9957147	1.463462987	0
616.7772194	1.463441961	0
617.5587241	1.463421013	0
618.3402288	1.463400142	0
619.1217335	1.463379346	0
619.9032382	1.463358627	0
620.6847428	1.463337983	0
621.4662475	1.463317414	0
622.2477522	1.46329692	0
623.0292569	1.4632765	0
623.8107616	1.463256155	0
624.5922663	1.463235883	0
625.373771	1.463215684	0
626.1552756	1.463195559	0
626.9367803	1.463175505	0
627.718285	1.463155525	0
628.4997897	1.463135616	0
629.2812944	1.463115778	0
630.0627991	1.463096012	0
630.8443037	1.463076317	0
631.6258084	1.463056693	0
632.4073131	1.463037138	0
633.1888178	1.463017653	0
633.9703225	1.462998238	0
634.7518272	1.462978893	0
635.5333319	1.462959616	0
636.3148365	1.462940407	0
637.0963412	1.462921267	0
637.8778459	1.462902195	0
638.6593506	1.46288319	0
639.4408553	1.462864253	0
640.22236	1.462845382	0
641.0038646	1.462826578	0
641.7853693	1.462807841	0
642.566874	1.462789169	0
643.3483787	1.462770563	0
644.1298834	1.462752023	0
644.9113881	1.462733547	0
645.6928927	1.462715137	0
646.4743974	1.462696791	0
647.2559021	1.462678509	0
648.0374068	1.46266029	0
648.8189115	1.462642136	0
649.6004162	1.462624045	0
650.3819209	1.462606016	0
651.1634255	1.462588051	0
651.9449302	1.462570147	0
652.7264349	1.462552306	0
653.5079396	1.462534527	0
654.2894443	1.462516809	0
655.070949	1.462499152	0
655.8524536	1.462481557	0
656.6339583	1.462464022	0
657.415463	1.462446547	0
658.1969677	1.462429133	0
658.9784724	1.462411779	0
659.7599771	1.462394484	0
660.5414817	1.462377248	0
661.3229864	1.462360071	0
662.1044911	1.462342953	0
662.8859958	1.462325894	0
663.6675005	1.462308893	0
664.4490052	1.46229195	0
665.2305099	1.462275064	0
666.0120145	1.462258236	0
666.7935192	1.462241465	0
667.5750239	1.462224751	0
668.3565286	1.462208094	0
669.1380333	1.462191493	0
669.919538	1.462174948	0
670.7010426	1.462158459	0
671.4825473	1.462142026	0
672.264052	1.462125648	0
673.0455567	1.462109325	0
673.8270614	1.462093057	0
674.6085661	1.462076844	0
675.3900707	1.462060685	0
676.1715754	1.462044581	0
676.9530801	1.46202853	0
677.7345848	1.462012533	0
678.5160895	1.461996589	0
679.2975942	1.461980699	0
680.0790989	1.461964861	0
680.8606035	1.461949076	0
681.6421082	1.461933344	0
682.4236129	1.461917664	0
683.2051176	1.461902036	0
683.9866223	1.46188646	0
684.768127	1.461870935	0
685.5496316	1.461855462	0
686.3311363	1.461840039	0
687.112641	1.461824668	0
687.8941457	1.461809347	0
688.6756504	1.461794077	0
689.4571551	1.461778857	0
690.2386597	1.461763687	0
691.0201644	1.461748567	0
691.8016691	1.461733496	0
692.5831738	1.461718475	0
693.3646785	1.461703502	0
694.1461832	1.461688579	0
694.9276879	1.461673704	0
695.7091925	1.461658878	0
696.4906972	1.4616441	0
697.2722019	1.461629371	0
698.0537066	1.461614689	0
698.8352113	1.461600054	0
699.616716	1.461585467	0
700.3982206	1.461570928	0
701.1797253	1.461556435	0
701.96123	1.461541989	0
702.7427347	1.46152759	0
703.5242394	1.461513237	0
704.3057441	1.461498931	0
705.0872487	1.46148467	0
705.8687534	1.461470456	0
706.6502581	1.461456287	0
707.4317628	1.461442163	0
708.2132675	1.461428085	0
708.9947722	1.461414051	0
709.7762769	1.461400063	0
710.5577815	1.461386119	0
711.3392862	1.46137222	0
712.1207909	1.461358365	0
712.9022956	1.461344554	0
713.6838003	1.461330787	0
714.465305	1.461317064	0
715.2468096	1.461303384	0
716.0283143	1.461289747	0
716.809819	1.461276154	0
717.5913237	1.461262604	0
718.3728284	1.461249096	0
719.1543331	1.461235632	0
719.9358377	1.461222209	0
720.7173424	1.461208829	0
721.4988471	1.461195491	0
722.2803518	1.461182195	0
723.0618565	1.461168941	0
723.8433612	1.461155728	0
724.6248659	1.461142556	0
725.4063705	1.461129426	0
726.1878752	1.461116337	0
726.9693799	1.461103289	0
727.7508846	1.461090281	0
728.5323893	1.461077314	0
729.313894	1.461064387	0
730.0953986	1.461051501	0
730.8769033	1.461038654	0
731.658408	1.461025848	0
732.4399127	1.461013081	0
733.2214174	1.461000354	0
734.0029221	1.460987666	0
734.7844267	1.460975017	0
735.5659314	1.460962407	0
736.3474361	1.460949836	0
737.1289408	1.460937304	0
737.9104455	1.46092481	0
738.6919502	1.460912355	0
739.4734549	1.460899938	0
740.2549595	1.460887559	0
741.0364642	1.460875219	0
741.8179689	1.460862915	0
742.5994736	1.46085065	0
743.3809783	1.460838422	0
744.162483	1.460826231	0
744.9439876	1.460814078	0
745.7254923	1.460801961	0
746.506997	1.460789882	0
747.2885017	1.460777839	0
748.0700064	1.460765832	0
748.8515111	1.460753862	0
749.6330158	1.460741929	0
750.4145204	1.460730031	0
751.1960251	1.46071817	0
751.9775298	1.460706344	0
752.7590345	1.460694554	0
753.5405392	1.4606828	0
754.3220439	1.46067108	0
755.1035485	1.460659397	0
755.8850532	1.460647748	0
756.6665579	1.460636134	0
757.4480626	1.460624555	0
758.2295673	1.460613011	0
759.011072	1.460601502	0
759.7925766	1.460590026	0
760.5740813	1.460578585	0
761.355586	1.460567179	0
762.1370907	1.460555806	0
762.9185954	1.460544467	0
763.7001001	1.460533162	0
764.4816048	1.46052189	0
765.2631094	1.460510652	0
766.0446141	1.460499448	0
766.8261188	1.460488276	0
767.6076235	1.460477138	0
768.3891282	1.460466032	0
769.1706329	1.46045496	0
769.9521375	1.46044392	0
770.7336422	1.460432912	0
771.5151469	1.460421937	0
772.2966516	1.460410995	0
773.0781563	1.460400084	0
773.859661	1.460389206	0
774.6411656	1.460378359	0
775.4226703	1.460367544	0
776.204175	1.460356761	0
776.9856797	1.46034601	0
777.7671844	1.46033529	0
778.5486891	1.460324601	0
779.3301938	1.460313944	0
780.1116984	1.460303317	0
780.8932031	1.460292722	0
781.6747078	1.460282157	0
782.4562125	1.460271623	0
783.2377172	1.460261119	0
784.0192219	1.460250646	0
784.8007265	1.460240204	0
785.5822312	1.460229791	0
786.3637359	1.460219409	0
787.1452406	1.460209057	0
787.9267453	1.460198734	0
788.70825	1.460188442	0
789.4897546	1.460178179	0
790.2712593	1.460167945	0
791.052764	1.460157741	0
791.8342687	1.460147566	0
792.6157734	1.460137421	0
793.3972781	1.460127304	0
794.1787828	1.460117217	0
794.9602874	1.460107158	0
795.7417921	1.460097128	0
796.5232968	1.460087127	0
797.3048015	1.460077154	0
798.0863062	1.46006721	0
798.8678109	1.460057294	0
799.6493155	1.460047407	0
800.4308202	1.460037547	0
801.2123249	1.460027715	0
801.9938296	1.460017912	0
802.7753343	1.460008136	0
803.556839	1.459998387	0
804.3383436	1.459988667	0
805.1198483	1.459978973	0
805.901353	1.459969308	0
806.6828577	1.459959669	0
807.4643624	1.459950058	0
808.2458671	1.459940473	0
809.0273718	1.459930916	0
809.8088764	1.459921385	0
810.5903811	1.459911881	0
811.3718858	1.459902404	0
812.1533905	1.459892954	0
812.9348952	1.45988353	0
813.7163999	1.459874132	0
814.4979045	1.45986476	0
815.2794092	1.459855415	0
816.0609139	1.459846096	0
816.8424186	1.459836802	0
817.6239233	1.459827535	0
818.405428	1.459818293	0
819.1869326	1.459809077	0
819.9684373	1.459799887	0
820.749942	1.459790722	0
821.5314467	1.459781583	0
822.3129514	1.459772468	0
823.0944561	1.459763379	0
823.8759608	1.459754315	0
824.6574654	1.459745277	0
825.4389701	1.459736263	0
826.2204748	1.459727274	0
827.0019795	1.459718309	0
827.7834842	1.459709369	0
828.5649889	1.459700454	0
829.3464935	1.459691564	0
830.1279982	1.459682697	0
830.9095029	1.459673855	0
831.6910076	1.459665038	0
832.4725123	1.459656244	0
833.254017	1.459647474	0
834.0355216	1.459638729	0
834.8170263	1.459630007	0
835.598531	1.459621309	0
836.3800357	1.459612635	0
837.1615404	1.459603984	0
837.9430451	1.459595357	0
838.7245498	1.459586753	0
839.5060544	1.459578172	0
840.2875591	1.459569615	0
841.0690638	1.459561081	0
841.8505685	1.45955257	0
842.6320732	1.459544082	0
843.4135779	1.459535617	0
844.1950825	1.459527175	0
844.9765872	1.459518755	0
845.7580919	1.459510359	0
846.5395966	1.459501984	0
847.3211013	1.459493633	0
848.102606	1.459485304	0
848.8841106	1.459476997	0
849.6656153	1.459468712	0
850.44712	1.45946045	0
851.2286247	1.459452209	0
852.0101294	1.459443991	0
852.7916341	1.459435795	0
853.5731388	1.45942762	0
854.3546434	1.459419468	0
855.1361481	1.459411337	0
855.9176528	1.459403228	0
856.6991575	1.45939514	0
857.4806622	1.459387074	0
858.2621669	1.459379029	0
859.0436715	1.459371006	0
859.8251762	1.459363003	0
860.6066809	1.459355022	0
861.3881856	1.459347062	0
862.1696903	1.459339124	0
862.951195	1.459331206	0
863.7326997	1.459323309	0
864.5142043	1.459315433	0
865.295709	1.459307577	0
866.0772137	1.459299742	0
866.8587184	1.459291928	0
867.6402231	1.459284135	0
868.4217278	1.459276362	0
869.2032324	1.459268609	0
869.9847371	1.459260876	0
870.7662418	1.465341658	0
871.5477465	1.465333138	0
872.3292512	1.465324642	0
873.1107559	1.465316168	0
873.8922605	1.465307717	0
874.6737652	1.465299289	0
875.4552699	1.465290884	0
876.2367746	1.465282501	0
877.0182793	1.465274141	0
877.799784	1.465265804	0
878.5812887	1.465257488	0
879.3627933	1.465249195	0
880.144298	1.465240924	0
880.9258027	1.465232675	0
881.7073074	1.465224449	0
882.4888121	1.465216244	0
883.2703168	1.465208061	0
884.0518214	1.4651999	0
884.8333261	1.465191761	0
885.6148308	1.465183643	0
886.3963355	1.465175547	0
887.1778402	1.465167472	0
887.9593449	1.465159419	0
888.7408495	1.465151387	0
889.5223542	1.465143377	0
890.3038589	1.465135388	0
891.0853636	1.465127419	0
891.8668683	1.465119472	0
892.648373	1.465111546	0
893.4298777	1.465103641	0
894.2113823	1.465095756	0
894.992887	1.465087893	0
895.7743917	1.465080049	0
896.5558964	1.465072227	0
897.3374011	1.465064425	0
898.1189058	1.465056644	0
898.9004104	1.465048883	0