380.225586	1.617458	0.379439
381.813782	1.618634	0.379307
383.402008	1.619802	0.379177
384.990234	1.620964	0.379048
386.578461	1.62212	0.378921
388.166748	1.623269	0.378797
389.755035	1.624412	0.378674
391.343353	1.625549	0.378555
392.931702	1.626681	0.378438
394.52002	1.627806	0.378325
396.108368	1.628926	0.378214
397.696747	1.630041	0.378107
399.285156	1.631149	0.378004
400.873566	1.632253	0.377905
402.461975	1.633352	0.377809
404.050446	1.634445	0.377718
405.638885	1.635534	0.37763
407.227356	1.636617	0.377547
408.815857	1.637696	0.377469
410.404358	1.63877	0.377395
411.992828	1.63984	0.377325
413.58136	1.640904	0.377261
415.169861	1.641965	0.377201
416.758453	1.643021	0.377146
418.346985	1.644073	0.377096
419.935547	1.64512	0.377051
421.524078	1.646164	0.377011
423.112701	1.647203	0.376977
424.701263	1.648238	0.376947
426.289856	1.649269	0.376922
427.878479	1.650296	0.376902
429.467041	1.651318	0.376884
431.055664	1.652337	0.37687
432.644287	1.653351	0.376857
434.23291	1.65436	0.376847
435.821533	1.655365	0.376837
437.410156	1.656366	0.376828
438.998779	1.657362	0.376818
440.587402	1.658353	0.376809
442.176025	1.65934	0.376798
443.764709	1.660321	0.376786
445.353333	1.661299	0.376772
446.941956	1.662271	0.376757
448.530609	1.663238	0.376738
450.119232	1.664201	0.376717
451.707855	1.665159	0.376692
453.296539	1.666112	0.376664
454.885162	1.66706	0.376632
456.473785	1.668003	0.376596
458.062408	1.668941	0.376556
459.651031	1.669874	0.37651
461.239655	1.670802	0.37646
462.828278	1.671725	0.376404
464.416901	1.672643	0.376343
466.005524	1.673557	0.376277
467.594086	1.674465	0.376204
469.182709	1.675368	0.376126
470.771301	1.676266	0.376041
472.359863	1.67716	0.37595
473.948425	1.678048	0.375852
475.537018	1.678931	0.375747
477.12558	1.679809	0.375636
478.714111	1.680683	0.375518
480.302673	1.681551	0.375392
481.891205	1.682414	0.375261
483.479675	1.683272	0.375124
485.068207	1.684125	0.374983
486.656677	1.684972	0.374837
488.245178	1.685814	0.374688
489.833649	1.68665	0.374536
491.422119	1.68748	0.374381
493.010559	1.688305	0.374224
494.598969	1.689124	0.374067
496.187347	1.689937	0.373908
497.775787	1.690745	0.373749
499.364166	1.691546	0.37359
500.952484	1.692341	0.373432
502.540863	1.69313	0.373275
504.12915	1.693913	0.373119
505.717468	1.69469	0.372965
507.305756	1.695461	0.372813
508.894043	1.696225	0.372664
510.482269	1.696983	0.372518
512.070496	1.697735	0.372375
513.658752	1.69848	0.372235
515.246948	1.699219	0.3721
516.835083	1.699952	0.371968
518.423218	1.700678	0.371841
520.011353	1.701398	0.371719
521.599487	1.702111	0.371602
523.1875	1.702817	0.37149
524.775574	1.703518	0.371383
526.363586	1.704211	0.371283
527.951599	1.704899	0.371188
529.539551	1.705579	0.371099
531.127502	1.706253	0.371017
532.715454	1.706921	0.370941
534.303345	1.707582	0.370871
535.891174	1.708237	0.370809
537.479004	1.708885	0.370753
539.066833	1.709526	0.370705
540.654602	1.710161	0.370664
542.24231	1.71079	0.370631
543.830078	1.711412	0.370605
545.417786	1.712027	0.370586
547.005432	1.712636	0.370576
548.593018	1.713238	0.370573
550.180603	1.713835	0.370579
551.768188	1.714424	0.370592
553.355713	1.715009	0.370612
554.943237	1.715587	0.37064
556.53064	1.716161	0.370674
558.118042	1.71673	0.370714
559.705444	1.717295	0.37076
561.292847	1.717855	0.370811
562.880127	1.718412	0.370868
564.467407	1.718966	0.370929
566.054626	1.719516	0.370995
567.641785	1.720064	0.371065
569.228943	1.720609	0.37114
570.816101	1.721151	0.371217
572.403198	1.721692	0.371298
573.990234	1.722231	0.371382
575.577209	1.722769	0.371469
577.164185	1.723305	0.371559
578.751099	1.72384	0.37165
580.338013	1.724375	0.371744
581.924805	1.724908	0.37184
583.511597	1.725442	0.371937
585.098328	1.725975	0.372035
586.685059	1.726508	0.372135
588.271667	1.727041	0.372236
589.858276	1.727575	0.372337
591.444885	1.728109	0.372439
593.031372	1.728644	0.372542
594.617859	1.72918	0.372644
596.204285	1.729717	0.372747
597.790649	1.730255	0.37285
599.377014	1.730794	0.372952
600.963257	1.731335	0.373054
602.5495	1.731877	0.373155
604.135681	1.732421	0.373256
605.721802	1.732967	0.373355
607.307861	1.733515	0.373454
608.893921	1.734064	0.373551
610.479858	1.734616	0.373648
612.065796	1.73517	0.373742
613.651672	1.735727	0.373836
615.237488	1.736286	0.373927
616.823242	1.736848	0.374017
618.408936	1.737412	0.374105
619.994629	1.737979	0.374191
621.5802	1.738549	0.374275
623.16571	1.739121	0.374357
624.751221	1.739697	0.374436
626.33667	1.740275	0.374513
627.921997	1.740857	0.374588
629.507324	1.741442	0.37466
631.09259	1.74203	0.37473
632.677795	1.742621	0.374797
634.262878	1.743216	0.374861
635.848022	1.743814	0.374923
637.432983	1.744416	0.374982
639.017944	1.745021	0.375037
640.602844	1.745629	0.37509
642.187622	1.746241	0.37514
643.7724	1.746857	0.375186
645.357117	1.747476	0.37523
646.941772	1.748099	0.37527
648.526306	1.748725	0.375307
650.11084	1.749354	0.375342
651.695313	1.749987	0.375373
653.279663	1.750622	0.375402
654.863953	1.751259	0.375428
656.448242	1.7519	0.375451
658.03241	1.752542	0.375472
659.616516	1.753187	0.375491
661.200562	1.753833	0.375507
662.784546	1.754482	0.37552
664.368408	1.755132	0.375532
665.952271	1.755784	0.375541
667.536011	1.756437	0.375549
669.119751	1.757091	0.375554
670.703308	1.757747	0.375557
672.286865	1.758403	0.375559
673.870361	1.759061	0.375558
675.453735	1.759719	0.375556
677.037109	1.760378	0.375552
678.620361	1.761037	0.375547
680.203491	1.761697	0.375539
681.786621	1.762357	0.375531
683.36969	1.763017	0.375521
684.952576	1.763677	0.375509
686.535522	1.764338	0.375496
688.118286	1.764998	0.375482
689.70105	1.765658	0.375466
691.28363	1.766317	0.375449
692.866211	1.766977	0.375431
694.44873	1.767636	0.375412
696.031128	1.768294	0.375392
697.613403	1.768951	0.375371
699.195679	1.769608	0.375349
700.777832	1.770264	0.375325
702.359985	1.770919	0.375301
703.941956	1.771574	0.375276
705.523865	1.772227	0.37525
707.105713	1.772879	0.375224
708.687439	1.77353	0.375196
710.269104	1.774179	0.375168
711.850708	1.774827	0.375139
713.43219	1.775474	0.37511
715.013611	1.77612	0.37508
716.59491	1.776764	0.375049
718.176147	1.777406	0.375017
719.757324	1.778047	0.374986
721.338379	1.778686	0.374953
722.919312	1.779323	0.37492
724.500244	1.779959	0.374887
726.081055	1.780593	0.374854
727.661743	1.781225	0.374819
729.242371	1.781855	0.374785
730.822876	1.782483	0.37475
732.40332	1.783109	0.374715
733.983704	1.783733	0.37468
735.563904	1.784354	0.374644
737.144104	1.784974	0.374608
738.724121	1.785592	0.374572
740.304077	1.786207	0.374536
741.883972	1.78682	0.3745
743.463745	1.787431	0.374463
745.043457	1.78804	0.374426
746.623047	1.788646	0.37439
748.202515	1.78925	0.374353
749.781921	1.789851	0.374316
751.361206	1.79045	0.374279
752.94043	1.791047	0.374242
754.519531	1.791641	0.374205
756.098511	1.792232	0.374168
757.677429	1.792821	0.374131
759.256226	1.793407	0.374094
760.834961	1.793991	0.374057
762.413513	1.794572	0.37402
763.992065	1.795151	0.373983
765.570435	1.795727	0.373947
767.148743	1.7963	0.37391
768.726929	1.796871	0.373874
770.305054	1.797438	0.373837
771.882996	1.798003	0.373801
773.460876	1.798566	0.373765
775.038635	1.799125	0.373729
776.616333	1.799682	0.373694
778.193909	1.800236	0.373658
779.771362	1.800787	0.373623