300.357995384850 	1.996354480588 	0.000330981727 
301.139054080242 	1.995706923367 	0.000329267031 
301.920112775633 	1.995064385278 	0.000327565626 
302.701171471024 	1.994426814586 	0.000325877374 
303.482230166415 	1.993794160218 	0.000324202141 
304.263288861806 	1.993166371758 	0.000322539792 
305.044347557198 	1.992543399434 	0.000320890196 
305.825406252589 	1.991925194106 	0.000319253222 
306.606464947980 	1.991311707265 	0.000317628743 
307.387523643372 	1.990702891011 	0.000316016631 
308.168582338763 	1.990098698055 	0.000314416762 
308.949641034154 	1.989499081704 	0.000312829011 
309.730699729546 	1.988903995850 	0.000311253257 
310.511758424937 	1.988313394969 	0.000309689379 
311.292817120328 	1.987727234103 	0.000308137257 
312.073875815719 	1.987145468859 	0.000306596775 
312.854934511111 	1.986568055395 	0.000305067816 
313.635993206502 	1.985994950417 	0.000303550266 
314.417051901893 	1.985426111165 	0.000302044011 
315.198110597285 	1.984861495410 	0.000300548940 
315.979169292676 	1.984301061445 	0.000299064942 
316.760227988067 	1.983744768075 	0.000297591908 
317.541286683458 	1.983192574612 	0.000296129731 
318.322345378849 	1.982644440864 	0.000294678303 
319.103404074241 	1.982100327135 	0.000293237520 
319.884462769632 	1.981560194209 	0.000291807278 
320.665521465023 	1.981024003349 	0.000290387474 
321.446580160415 	1.980491716287 	0.000288978008 
322.227638855806 	1.979963295218 	0.000287578778 
323.008697551197 	1.979438702796 	0.000286189686 
323.789756246589 	1.978917902122 	0.000284810635 
324.570814941980 	1.978400856742 	0.000283441528 
325.351873637371 	1.977887530639 	0.000282082269 
326.132932332763 	1.977377888225 	0.000280732764 
326.913991028154 	1.976871894339 	0.000279392920 
327.695049723545 	1.976369514237 	0.000278062645 
328.476108418936 	1.975870713589 	0.000276741849 
329.257167114328 	1.975375458470 	0.000275430441 
330.038225809719 	1.974883715357 	0.000274128332 
330.819284505110 	1.974395451122 	0.000272835436 
331.600343200501 	1.973910633027 	0.000271551664 
332.381401895893 	1.973429228718 	0.000270276933 
333.162460591284 	1.972951206219 	0.000269011156 
333.943519286675 	1.972476533929 	0.000267754250 
334.724577982066 	1.972005180614 	0.000266506132 
335.505636677458 	1.971537115404 	0.000265266722 
336.286695372849 	1.971072307786 	0.000264035937 
337.067754068240 	1.970610727602 	0.000262813698 
337.848812763631 	1.970152345041 	0.000261599927 
338.629871459023 	1.969697130634 	0.000260394544 
339.410930154414 	1.969245055254 	0.000259197474 
340.191988849806 	1.968796090104 	0.000258008639 
340.973047545197 	1.968350206720 	0.000256827964 
341.754106240588 	1.967907376962 	0.000255655376 
342.535164935979 	1.967467573008 	0.000254490799 
343.316223631371 	1.967030767356 	0.000253334162 
344.097282326762 	1.966596932812 	0.000252185392 
344.878341022154 	1.966166042493 	0.000251044419 
345.659399717544 	1.965738069816 	0.000249911171 
346.440458412936 	1.965312988501 	0.000248785579 
347.221517108327 	1.964890772561 	0.000247667575 
348.002575803719 	1.964471396299 	0.000246557090 
348.783634499109 	1.964054834309 	0.000245454057 
349.564693194501 	1.963641061465 	0.000244358409 
350.345751889892 	1.963230052924 	0.000243270081 
351.126810585283 	1.962821784115 	0.000242189008 
351.907869280675 	1.962416230744 	0.000241115125 
352.688927976066 	1.962013368783 	0.000240048369 
353.469986671457 	1.961613174468 	0.000238988677 
354.251045366849 	1.961215624300 	0.000237935986 
355.032104062240 	1.960820695036 	0.000236890235 
355.813162757631 	1.960428363688 	0.000235851364 
356.594221453022 	1.960038607519 	0.000234819311 
357.375280148414 	1.959651404043 	0.000233794018 
358.156338843805 	1.959266731015 	0.000232775425 
358.937397539196 	1.958884566435 	0.000231763474 
359.718456234588 	1.958504888540 	0.000230758108 
360.499514929979 	1.958127675802 	0.000229759270 
361.280573625370 	1.957752906926 	0.000228766903 
362.061632320762 	1.957380560848 	0.000227780951 
362.842691016152 	1.957010616728 	0.000226801359 
363.623749711544 	1.956643053952 	0.000225828074 
364.404808406935 	1.956277852123 	0.000224861039 
365.185867102326 	1.955914991067 	0.000223900204 
365.966925797717 	1.955554450820 	0.000222945513 
366.747984493109 	1.955196211634 	0.000221996916 
367.529043188500 	1.954840253970 	0.000221054359 
368.310101883891 	1.954486558493 	0.000220117793 
369.091160579283 	1.954135106076 	0.000219187167 
369.872219274674 	1.953785877793 	0.000218262430 
370.653277970065 	1.953438854915 	0.000217343532 
371.434336665457 	1.953094018912 	0.000216430426 
372.215395360848 	1.952751351448 	0.000215523061 
372.996454056239 	1.952410834377 	0.000214621391 
373.777512751630 	1.952072449745 	0.000213725367 
374.558571447022 	1.951736179783 	0.000212834943 
375.339630142413 	1.951402006907 	0.000211950072 
376.120688837805 	1.951069913717 	0.000211070708 
376.901747533195 	1.950739882990 	0.000210196805 
377.682806228587 	1.950411897684 	0.000209328318 
378.463864923979 	1.950085940931 	0.000208465202 
379.244923619370 	1.949761996037 	0.000207607414 
380.025982314761 	1.949440046479 	0.000206754910 
380.807041010153 	1.949120075904 	0.000205907645 
381.588099705543 	1.948802068125 	0.000205065578 
382.369158400935 	1.948486007122 	0.000204228666 
383.150217096326 	1.948171877037 	0.000203396867 
383.931275791717 	1.947859662172 	0.000202570140 
384.712334487108 	1.947549346991 	0.000201748442 
385.493393182500 	1.947240916112 	0.000200931735 
386.274451877891 	1.946934354311 	0.000200119976 
387.055510573282 	1.946629646516 	0.000199313127 
387.836569268674 	1.946326777806 	0.000198511147 
388.617627964065 	1.946025733413 	0.000197713998 
389.398686659456 	1.945726498714 	0.000196921641 
390.179745354848 	1.945429059232 	0.000196134038 
390.960804050239 	1.945133400636 	0.000195351151 
391.741862745630 	1.944839508738 	0.000194572941 
392.522921441022 	1.944547369489 	0.000193799373 
393.303980136412 	1.944256968981 	0.000193030408 
394.085038831804 	1.943968293443 	0.000192266011 
394.866097527195 	1.943681329241 	0.000191506146 
395.647156222586 	1.943396062874 	0.000190750777 
396.428214917978 	1.943112480975 	0.000189999868 
397.209273613369 	1.942830570309 	0.000189253384 
397.990332308761 	1.942550317767 	0.000188511291 
398.771391004152 	1.942271710373 	0.000187773554 
399.552449699542 	1.941994735276 	0.000187040139 
400.333508394935 	1.941719379748 	0.000186311013 
401.114567090326 	1.941445631187 	0.000185586142 
401.895625785716 	1.941173477115 	0.000184865493 
402.676684481108 	1.940902905170 	0.000184149033 
403.457743176499 	1.940633903115 	0.000183436731 
404.238801871891 	1.940366458827 	0.000182728553 
405.019860567282 	1.940100560302 	0.000182024469 
405.800919262674 	1.939836195650 	0.000181324446 
406.581977958065 	1.939573353097 	0.000180628453 
407.363036653455 	1.939312020979 	0.000179936460 
408.144095348847 	1.939052187747 	0.000179248436 
408.925154044238 	1.938793841959 	0.000178564351 
409.706212739629 	1.938536972283 	0.000177884174 
410.487271435021 	1.938281567496 	0.000177207877 
411.268330130412 	1.938027616479 	0.000176535429 
412.049388825804 	1.937775108222 	0.000175866801 
412.830447521195 	1.937524031814 	0.000175201964 
413.611506216586 	1.937274376452 	0.000174540891 
414.392564911977 	1.937026131431 	0.000173883552 
415.173623607369 	1.936779286149 	0.000173229919 
415.954682302760 	1.936533830101 	0.000172579965 
416.735740998151 	1.936289752883 	0.000171933662 
417.516799693543 	1.936047044187 	0.000171290983 
418.297858388934 	1.935805693800 	0.000170651901 
419.078917084326 	1.935565691607 	0.000170016388 
419.859975779716 	1.935327027584 	0.000169384419 
420.641034475108 	1.935089691801 	0.000168755967 
421.422093170498 	1.934853674422 	0.000168131006 
422.203151865891 	1.934618965697 	0.000167509511 
422.984210561282 	1.934385555972 	0.000166891455 
423.765269256673 	1.934153435677 	0.000166276813 
424.546327952063 	1.933922595333 	0.000165665560 
425.327386647455 	1.933693025546 	0.000165057672 
426.108445342846 	1.933464717008 	0.000164453124 
426.889504038237 	1.933237660499 	0.000163851891 
427.670562733629 	1.933011846880 	0.000163253949 
428.451621429021 	1.932787267095 	0.000162659274 
429.232680124411 	1.932563912173 	0.000162067843 
430.013738819803 	1.932341773223 	0.000161479631 
430.794797515195 	1.932120841434 	0.000160894616 
431.575856210585 	1.931901108075 	0.000160312774 
432.356914905976 	1.931682564494 	0.000159734083 
433.137973601368 	1.931465202116 	0.000159158520 
433.919032296759 	1.931249012446 	0.000158586061 
434.700090992150 	1.931033987061 	0.000158016686 
435.481149687542 	1.930820117617 	0.000157450372 
436.262208382933 	1.930607395844 	0.000156887096 
437.043267078325 	1.930395813543 	0.000156326838 
437.824325773716 	1.930185362591 	0.000155769576 
438.605384469107 	1.929976034937 	0.000155215288 
439.386443164498 	1.929767822601 	0.000154663953 
440.167501859889 	1.929560717674 	0.000154115551 
440.948560555280 	1.929354712315 	0.000153570060 
441.729619250672 	1.929149798755 	0.000153027460 
442.510677946064 	1.928945969293 	0.000152487731 
443.291736641455 	1.928743216294 	0.000151950852 
444.072795336847 	1.928541532193 	0.000151416804 
444.853854032238 	1.928340909488 	0.000150885566 
445.634912727629 	1.928141340744 	0.000150357119 
446.415971423019 	1.927942818594 	0.000149831444 
447.197030118411 	1.927745335730 	0.000149308520 
447.978088813803 	1.927548884911 	0.000148788329 
448.759147509193 	1.927353458958 	0.000148270852 
449.540206204584 	1.927159050756 	0.000147756070 
450.321264899976 	1.926965653248 	0.000147243964 
451.102323595367 	1.926773259442 	0.000146734516 
451.883382290759 	1.926581862404 	0.000146227707 
452.664440986150 	1.926391455260 	0.000145723520 
453.445499681542 	1.926202031195 	0.000145221935 
454.226558376933 	1.926013583455 	0.000144722936 
455.007617072324 	1.925826105340 	0.000144226504 
455.788675767715 	1.925639590211 	0.000143732623 
456.569734463106 	1.925454031483 	0.000143241274 
457.350793158497 	1.925269422628 	0.000142752440 
458.131851853889 	1.925085757175 	0.000142266104 
458.912910549280 	1.924903028706 	0.000141782249 
459.693969244672 	1.924721230858 	0.000141300858 
460.475027940063 	1.924540357324 	0.000140821915 
461.256086635455 	1.924360401846 	0.000140345403 
462.037145330846 	1.924181358224 	0.000139871305 
462.818204026237 	1.924003220307 	0.000139399606 
463.599262721628 	1.923825981996 	0.000138930289 
464.380321417020 	1.923649637243 	0.000138463338 
465.161380112410 	1.923474180054 	0.000137998737 
465.942438807802 	1.923299604480 	0.000137536470 
466.723497503192 	1.923125904626 	0.000137076523 
467.504556198585 	1.922953074645 	0.000136618879 
468.285614893976 	1.922781108737 	0.000136163522 
469.066673589367 	1.922610001152 	0.000135710439 
469.847732284758 	1.922439746188 	0.000135259613 
470.628790980149 	1.922270338189 	0.000134811030 
471.409849675541 	1.922101771547 	0.000134364675 
472.190908370932 	1.921934040699 	0.000133920533 
472.971967066324 	1.921767140130 	0.000133478590 
473.753025761715 	1.921601064367 	0.000133038830 
474.534084457105 	1.921435807987 	0.000132601241 
475.315143152498 	1.921271365606 	0.000132165806 
476.096201847889 	1.921107731888 	0.000131732513 
476.877260543280 	1.920944901540 	0.000131301348 
477.658319238670 	1.920782869310 	0.000130872295 
478.439377934063 	1.920621629992 	0.000130445343 
479.220436629454 	1.920461178420 	0.000130020476 
480.001495324845 	1.920301509471 	0.000129597681 
480.782554020236 	1.920142618064 	0.000129176946 
481.563612715627 	1.919984499158 	0.000128758256 
482.344671411019 	1.919827147755 	0.000128341598 
483.125730106410 	1.919670558893 	0.000127926959 
483.906788801801 	1.919514727655 	0.000127514327 
484.687847497193 	1.919359649161 	0.000127103687 
485.468906192585 	1.919205318570 	0.000126695029 
486.249964887975 	1.919051731081 	0.000126288337 
487.031023583367 	1.918898881931 	0.000125883601 
487.812082278758 	1.918746766394 	0.000125480808 
488.593140974150 	1.918595379784 	0.000125079945 
489.374199669540 	1.918444717451 	0.000124680999 
490.155258364931 	1.918294774782 	0.000124283959 
490.936317060322 	1.918145547200 	0.000123888813 
491.717375755715 	1.917997030166 	0.000123495548 
492.498434451106 	1.917849219176 	0.000123104153 
493.279493146496 	1.917702109762 	0.000122714615 
494.060551841888 	1.917555697490 	0.000122326924 
494.841610537280 	1.917409977964 	0.000121941066 
495.622669232672 	1.917264946818 	0.000121557032 
496.403727928063 	1.917120599725 	0.000121174809 
497.184786623454 	1.916976932389 	0.000120794386 
497.965845318845 	1.916833940549 	0.000120415751 
498.746904014235 	1.916691619976 	0.000120038894 
499.527962709627 	1.916549966476 	0.000119663804 
500.309021405019 	1.916408975886 	0.000119290468 
501.090080100410 	1.916268644076 	0.000118918878 
501.871138795801 	1.916128966948 	0.000118549020 
502.652197491191 	1.915989940437 	0.000118180886 
503.433256186583 	1.915851560508 	0.000117814463 
504.214314881974 	1.915713823158 	0.000117449743 
504.995373577365 	1.915576724414 	0.000117086713 
505.776432272757 	1.915440260334 	0.000116725363 
506.557490968149 	1.915304427007 	0.000116365684 
507.338549663539 	1.915169220553 	0.000116007665 
508.119608358932 	1.915034637119 	0.000115651296 
508.900667054323 	1.914900672884 	0.000115296566 
509.681725749714 	1.914767324055 	0.000114943465 
510.462784445106 	1.914634586868 	0.000114591985 
511.243843140496 	1.914502457589 	0.000114242114 
512.024901835888 	1.914370932511 	0.000113893843 
512.805960531279 	1.914240007955 	0.000113547162 
513.587019226671 	1.914109680272 	0.000113202061 
514.368077922061 	1.913979945839 	0.000112858532 
515.149136617453 	1.913850801061 	0.000112516563 
515.930195312844 	1.913722242369 	0.000112176147 
516.711254008234 	1.913594266223 	0.000111837273 
517.492312703627 	1.913466869109 	0.000111499933 
518.273371399017 	1.913340047538 	0.000111164117 
519.054430094409 	1.913213798049 	0.000110829815 
519.835488789800 	1.913088117206 	0.000110497019 
520.616547485193 	1.912963001599 	0.000110165720 
521.397606180582 	1.912838447844 	0.000109835908 
522.178664875974 	1.912714452582 	0.000109507576 
522.959723571366 	1.912591012479 	0.000109180713 
523.740782266756 	1.912468124226 	0.000108855312 
524.521840962147 	1.912345784538 	0.000108531363 
525.302899657539 	1.912223990154 	0.000108208859 
526.083958352931 	1.912102737840 	0.000107887789 
526.865017048321 	1.911982024383 	0.000107568147 
527.646075743713 	1.911861846594 	0.000107249922 
528.427134439104 	1.911742201309 	0.000106933108 
529.208193134496 	1.911623085387 	0.000106617696 
529.989251829888 	1.911504495709 	0.000106303677 
530.770310525279 	1.911386429181 	0.000105991044 
531.551369220671 	1.911268882729 	0.000105679787 
532.332427916061 	1.911151853303 	0.000105369900 
533.113486611451 	1.911035337876 	0.000105061373 
533.894545306844 	1.910919333442 	0.000104754200 
534.675604002234 	1.910803837017 	0.000104448372 
535.456662697627 	1.910688845640 	0.000104143881 
536.237721393018 	1.910574356370 	0.000103840720 
537.018780088409 	1.910460366288 	0.000103538880 
537.799838783800 	1.910346872496 	0.000103238355 
538.580897479192 	1.910233872118 	0.000102939136 
539.361956174583 	1.910121362297 	0.000102641217 
540.143014869973 	1.910009340198 	0.000102344588 
540.924073565365 	1.909897803007 	0.000102049244 
541.705132260757 	1.909786747927 	0.000101755176 
542.486190956148 	1.909676172186 	0.000101462378 
543.267249651539 	1.909566073029 	0.000101170842 
544.048308346931 	1.909456447719 	0.000100880560 
544.829367042320 	1.909347293543 	0.000100591526 
545.610425737713 	1.909238607805 	0.000100303732 
546.391484433103 	1.909130387827 	0.000100017171 
547.172543128496 	1.909022630953 	0.000099731837 
547.953601823885 	1.908915334543 	0.000099447722 
548.734660519279 	1.908808495978 	0.000099164820 
549.515719214670 	1.908702112658 	0.000098883122 
550.296777910060 	1.908596181998 	0.000098602624 
551.077836605453 	1.908490701435 	0.000098323317 
551.858895300843 	1.908385668422 	0.000098045196 
552.639953996234 	1.908281080431 	0.000097768252 
553.421012691626 	1.908176934951 	0.000097492481 
554.202071387017 	1.908073229490 	0.000097217875 
554.983130082408 	1.907969961572 	0.000096944427 
555.764188777799 	1.907867128739 	0.000096672131 
556.545247473190 	1.907764728551 	0.000096400981 
557.326306168582 	1.907662758585 	0.000096130971 
558.107364863974 	1.907561216432 	0.000095862093 
558.888423559363 	1.907460099704 	0.000095594341 
559.669482254756 	1.907359406028 	0.000095327710 
560.450540950148 	1.907259133046 	0.000095062192 
561.231599645537 	1.907159278418 	0.000094797783 
562.012658340929 	1.907059839821 	0.000094534475 
562.793717036320 	1.906960814947 	0.000094272263 
563.574775731711 	1.906862201503 	0.000094011140 
564.355834427103 	1.906763997213 	0.000093751100 
565.136893122496 	1.906666199818 	0.000093492138 
565.917951817886 	1.906568807072 	0.000093234248 
566.699010513276 	1.906471816746 	0.000092977423 
567.480069208669 	1.906375226626 	0.000092721657 
568.261127904061 	1.906279034513 	0.000092466946 
569.042186599450 	1.906183238224 	0.000092213283 
569.823245294841 	1.906087835590 	0.000091960662 
570.604303990234 	1.905992824457 	0.000091709078 
571.385362685625 	1.905898202686 	0.000091458524 
572.166421381017 	1.905803968152 	0.000091208997 
572.947480076407 	1.905710118745 	0.000090960489 
573.728538771799 	1.905616652369 	0.000090712995 
574.509597467191 	1.905523566943 	0.000090466510 
575.290656162582 	1.905430860399 	0.000090221028 
576.071714857972 	1.905338530684 	0.000089976544 
576.852773553364 	1.905246575759 	0.000089733053 
577.633832248756 	1.905154993597 	0.000089490548 
578.414890944146 	1.905063782186 	0.000089249025 
579.195949639538 	1.904972939529 	0.000089008479 
579.977008334929 	1.904882463639 	0.000088768904 
580.758067030320 	1.904792352546 	0.000088530295 
581.539125725712 	1.904702604291 	0.000088292646 
582.320184421104 	1.904613216927 	0.000088055953 
583.101243116494 	1.904524188524 	0.000087820211 
583.882301811886 	1.904435517162 	0.000087585414 
584.663360507277 	1.904347200933 	0.000087351558 
585.444419202667 	1.904259237945 	0.000087118637 
586.225477898060 	1.904171626315 	0.000086886646 
587.006536593450 	1.904084364175 	0.000086655581 
587.787595288841 	1.903997449668 	0.000086425436 
588.568653984232 	1.903910880951 	0.000086196207 
589.349712679623 	1.903824656192 	0.000085967888 
590.130771375015 	1.903738773570 	0.000085740476 
590.911830070407 	1.903653231279 	0.000085513965 
591.692888765798 	1.903568027522 	0.000085288350 
592.473947461191 	1.903483160515 	0.000085063627 
593.255006156582 	1.903398628486 	0.000084839791 
594.036064851973 	1.903314429674 	0.000084616837 
594.817123547364 	1.903230562331 	0.000084394761 
595.598182242754 	1.903147024719 	0.000084173558 
596.379240938147 	1.903063815112 	0.000083953223 
597.160299633539 	1.902980931794 	0.000083733753 
597.941358328929 	1.902898373062 	0.000083515142 
598.722417024319 	1.902816137223 	0.000083297386 
599.503475719712 	1.902734222596 	0.000083080481 
600.284534415103 	1.902652627510 	0.000082864422 
601.065593110494 	1.902571350305 	0.000082649204 
601.846651805885 	1.902490389332 	0.000082434824 
602.627710501276 	1.902409742952 	0.000082221277 
603.408769196667 	1.902329409539 	0.000082008558 
604.189827892058 	1.902249387474 	0.000081796664 
604.970886587451 	1.902169675151 	0.000081585591 
605.751945282840 	1.902090270973 	0.000081375333 
606.533003978233 	1.902011173354 	0.000081165887 
607.314062673625 	1.901932380718 	0.000080957248 
608.095121369016 	1.901853891499 	0.000080749413 
608.876180064406 	1.901775704141 	0.000080542377 
609.657238759798 	1.901697817098 	0.000080336137 
610.438297455188 	1.901620228835 	0.000080130687 
611.219356150581 	1.901542937825 	0.000079926025 
612.000414845970 	1.901465942551 	0.000079722146 
612.781473541363 	1.901389241506 	0.000079519046 
613.562532236754 	1.901312833195 	0.000079316721 
614.343590932145 	1.901236716128 	0.000079115167 
615.124649627537 	1.901160888827 	0.000078914380 
615.905708322927 	1.901085349823 	0.000078714357 
616.686767018319 	1.901010097658 	0.000078515094 
617.467825713710 	1.900935130880 	0.000078316586 
618.248884409103 	1.900860448048 	0.000078118830 
619.029943104493 	1.900786047729 	0.000077921822 
619.811001799883 	1.900711928502 	0.000077725558 
620.592060495275 	1.900638088952 	0.000077530035 
621.373119190667 	1.900564527672 	0.000077335249 
622.154177886057 	1.900491243268 	0.000077141196 
622.935236581451 	1.900418234350 	0.000076947872 
623.716295276841 	1.900345499541 	0.000076755275 
624.497353972232 	1.900273037469 	0.000076563399 
625.278412667624 	1.900200846772 	0.000076372242 
626.059471363014 	1.900128926098 	0.000076181800 
626.840530058405 	1.900057274101 	0.000075992070 
627.621588753797 	1.899985889445 	0.000075803047 
628.402647449187 	1.899914770801 	0.000075614729 
629.183706144580 	1.899843916849 	0.000075427112 
629.964764839972 	1.899773326278 	0.000075240192 
630.745823535363 	1.899702997783 	0.000075053966 
631.526882230754 	1.899632930069 	0.000074868430 
632.307940926145 	1.899563121849 	0.000074683582 
633.088999621536 	1.899493571841 	0.000074499418 
633.870058316927 	1.899424278775 	0.000074315933 
634.651117012319 	1.899355241387 	0.000074133126 
635.432175707710 	1.899286458419 	0.000073950993 
636.213234403102 	1.899217928624 	0.000073769530 
636.994293098493 	1.899149650760 	0.000073588734 
637.775351793883 	1.899081623595 	0.000073408601 
638.556410489275 	1.899013845901 	0.000073229130 
639.337469184667 	1.898946316462 	0.000073050316 
640.118527880058 	1.898879034066 	0.000072872156 
640.899586575449 	1.898811997509 	0.000072694647 
641.680645270841 	1.898745205595 	0.000072517785 
642.461703966231 	1.898678657136 	0.000072341569 
643.242762661622 	1.898612350949 	0.000072165993 
644.023821357015 	1.898546285860 	0.000071991057 
644.804880052404 	1.898480460702 	0.000071816755 
645.585938747797 	1.898414874314 	0.000071643086 
646.366997443186 	1.898349525543 	0.000071470046 
647.148056138580 	1.898284413241 	0.000071297633 
647.929114833970 	1.898219536271 	0.000071125842 
648.710173529361 	1.898154893498 	0.000070954672 
649.491232224753 	1.898090483798 	0.000070784118 
650.272290920145 	1.898026306050 	0.000070614179 
651.053349615536 	1.897962359144 	0.000070444851 
651.834408310927 	1.897898641972 	0.000070276132 
652.615467006318 	1.897835153435 	0.000070108018 
653.396525701711 	1.897771892442 	0.000069940506 
654.177584397100 	1.897708857906 	0.000069773594 
654.958643092492 	1.897646048747 	0.000069607279 
655.739701787885 	1.897583463893 	0.000069441558 
656.520760483274 	1.897521102276 	0.000069276428 
657.301819178668 	1.897458962837 	0.000069111886 
658.082877874056 	1.897397044520 	0.000068947930 
658.863936569448 	1.897335346278 	0.000068784556 
659.644995264838 	1.897273867070 	0.000068621762 
660.426053960230 	1.897212605860 	0.000068459546 
661.207112655624 	1.897151561617 	0.000068297904 
661.988171351012 	1.897090733320 	0.000068136834 
662.769230046406 	1.897030119950 	0.000067976334 
663.550288741796 	1.896969720497 	0.000067816399 
664.331347437188 	1.896909533954 	0.000067657029 
665.112406132579 	1.896849559323 	0.000067498219 
665.893464827972 	1.896789795610 	0.000067339968 
666.674523523361 	1.896730241826 	0.000067182273 
667.455582218753 	1.896670896990 	0.000067025131 
668.236640914145 	1.896611760125 	0.000066868540 
669.017699609534 	1.896552830261 	0.000066712497 
669.798758304926 	1.896494106433 	0.000066557000 
670.579817000319 	1.896435587682 	0.000066402045 
671.360875695708 	1.896377273053 	0.000066247631 
672.141934391099 	1.896319161598 	0.000066093755 
672.922993086493 	1.896261252375 	0.000065940415 
673.704051781883 	1.896203544447 	0.000065787608 
674.485110477275 	1.896146036881 	0.000065635331 
675.266169172664 	1.896088728751 	0.000065483582 
676.047227868058 	1.896031619136 	0.000065332359 
676.828286563446 	1.895974707120 	0.000065181659 
677.609345258841 	1.895917991792 	0.000065031480 
678.390403954231 	1.895861472248 	0.000064881819 
679.171462649621 	1.895805147587 	0.000064732675 
679.952521345015 	1.895749016914 	0.000064584044 
680.733580040405 	1.895693079340 	0.000064435924 
681.514638735794 	1.895637333979 	0.000064288314 
682.295697431186 	1.895581779953 	0.000064141210 
683.076756126578 	1.895526416386 	0.000063994610 
683.857814821971 	1.895471242409 	0.000063848512 
684.638873517361 	1.895416257156 	0.000063702915 
685.419932212751 	1.895361459770 	0.000063557814 
686.200990908143 	1.895306849394 	0.000063413209 
686.982049603536 	1.895252425178 	0.000063269097 
687.763108298927 	1.895198186278 	0.000063125475 
688.544166994316 	1.895144131853 	0.000062982342 
689.325225689710 	1.895090261067 	0.000062839695 
690.106284385099 	1.895036573090 	0.000062697532 
690.887343080491 	1.894983067095 	0.000062555851 
691.668401775882 	1.894929742261 	0.000062414650 
692.449460471272 	1.894876597770 	0.000062273926 
693.230519166664 	1.894823632812 	0.000062133678 
694.011577862056 	1.894770846577 	0.000061993903 
694.792636557448 	1.894718238262 	0.000061854599 
695.573695252838 	1.894665807069 	0.000061715764 
696.354753948231 	1.894613552205 	0.000061577396 
697.135812643621 	1.894561472878 	0.000061439493 
697.916871339013 	1.894509568303 	0.000061302053 
698.697930034405 	1.894457837700 	0.000061165073 
699.478988729795 	1.894406280292 	0.000061028552 
700.260047425185 	1.894354895307 	0.000060892487 
701.041106120578 	1.894303681976 	0.000060756877 
701.822164815969 	1.894252639536 	0.000060621720 
702.603223511358 	1.894201767228 	0.000060487013 
703.384282206751 	1.894151064296 	0.000060352754 
704.165340902142 	1.894100529989 	0.000060218942 
704.946399597533 	1.894050163561 	0.000060085575 
705.727458292925 	1.893999964268 	0.000059952650 
706.508516988317 	1.893949931371 	0.000059820165 
707.289575683708 	1.893900064137 	0.000059688120 
708.070634379101 	1.893850361835 	0.000059556511 
708.851693074490 	1.893800823737 	0.000059425337 
709.632751769883 	1.893751449122 	0.000059294595 
710.413810465273 	1.893702237272 	0.000059164285 
711.194869160665 	1.893653187470 	0.000059034404 
711.975927856058 	1.893604299008 	0.000058904950 
712.756986551446 	1.893555571177 	0.000058775921 
713.538045246838 	1.893507003275 	0.000058647316 
714.319103942230 	1.893458594603 	0.000058519133 
715.100162637623 	1.893410344466 	0.000058391369 
715.881221333011 	1.893362252171 	0.000058264023 
716.662280028405 	1.893314317032 	0.000058137094 
717.443338723795 	1.893266538364 	0.000058010579 
718.224397419186 	1.893218915488 	0.000057884476 
719.005456114577 	1.893171447726 	0.000057758784 
719.786514809970 	1.893124134405 	0.000057633501 
720.567573505360 	1.893076974857 	0.000057508625 
721.348632200752 	1.893029968415 	0.000057384154 
722.129690896143 	1.892983114418 	0.000057260088 
722.910749591535 	1.892936412207 	0.000057136423 
723.691808286926 	1.892889861128 	0.000057013158 
724.472866982318 	1.892843460528 	0.000056890292 
725.253925677708 	1.892797209760 	0.000056767822 
726.034984373099 	1.892751108180 	0.000056645748 
726.816043068491 	1.892705155147 	0.000056524067 
727.597101763883 	1.892659350022 	0.000056402778 
728.378160459272 	1.892613692173 	0.000056281878 
729.159219154666 	1.892568180968 	0.000056161367 
729.940277850054 	1.892522815780 	0.000056041242 
730.721336545448 	1.892477595985 	0.000055921503 
731.502395240840 	1.892432520962 	0.000055802147 
732.283453936231 	1.892387590094 	0.000055683172 
733.064512631619 	1.892342802768 	0.000055564578 
733.845571327012 	1.892298158372 	0.000055446362 
734.626630022401 	1.892253656298 	0.000055328523 
735.407688717795 	1.892209295943 	0.000055211059 
736.188747413183 	1.892165076705 	0.000055093969 
736.969806108577 	1.892120997987 	0.000054977251 
737.750864803966 	1.892077059193 	0.000054860904 
738.531923499359 	1.892033259732 	0.000054744925 
739.312982194751 	1.891989599016 	0.000054629314 
740.094040890142 	1.891946076459 	0.000054514069 
740.875099585532 	1.891902691479 	0.000054399188 
741.656158280925 	1.891859443496 	0.000054284669 
742.437216976317 	1.891816331935 	0.000054170512 
743.218275671705 	1.891773356222 	0.000054056715 
743.999334367099 	1.891730515787 	0.000053943276 
744.780393062491 	1.891687810062 	0.000053830194 
745.561451757882 	1.891645238485 	0.000053717466 
746.342510453272 	1.891602800493 	0.000053605093 
747.123569148665 	1.891560495528 	0.000053493072 
747.904627844056 	1.891518323035 	0.000053381401 
748.685686539446 	1.891476282461 	0.000053270080 
749.466745234837 	1.891434373257 	0.000053159107 
750.247803930231 	1.891392594876 	0.000053048480 
751.028862625620 	1.891350946773 	0.000052938198 
751.809921321013 	1.891309428408 	0.000052828260 
752.590980016402 	1.891268039243 	0.000052718664 
753.372038711793 	1.891226778741 	0.000052609408 
754.153097407186 	1.891185646371 	0.000052500492 
754.934156102577 	1.891144641602 	0.000052391914 
755.715214797967 	1.891103763907 	0.000052283672 
756.496273493359 	1.891063012761 	0.000052175765 
757.277332188749 	1.891022387643 	0.000052068192 
758.058390884143 	1.890981888034 	0.000051960951 
758.839449579531 	1.890941513416 	0.000051854042 
759.620508274925 	1.890901263277 	0.000051747461 
760.401566970315 	1.890861137104 	0.000051641210 
761.182625665704 	1.890821134391 	0.000051535285 
761.963684361097 	1.890781254629 	0.000051429685 
762.744743056488 	1.890741497317 	0.000051324410 
763.525801751879 	1.890701861953 	0.000051219458 
764.306860447271 	1.890662348040 	0.000051114827 
765.087919142664 	1.890622955081 	0.000051010517 
765.868977838054 	1.890583682583 	0.000050906525 
766.650036533444 	1.890544530055 	0.000050802852 
767.431095228838 	1.890505497011 	0.000050699494 
768.212153924227 	1.890466582963 	0.000050596452 
768.993212619621 	1.890427787428 	0.000050493724 
769.774271315011 	1.890389109927 	0.000050391308 
770.555330010404 	1.890350549980 	0.000050289203 
771.336388705794 	1.890312107111 	0.000050187409 
772.117447401186 	1.890273780848 	0.000050085923 
772.898506096574 	1.890235570719 	0.000049984744 
773.679564791969 	1.890197476255 	0.000049883872 
774.460623487357 	1.890159496989 	0.000049783305 
775.241682182751 	1.890121632459 	0.000049683042 
776.022740878140 	1.890083882202 	0.000049583082 
776.803799573531 	1.890046245759 	0.000049483422 
777.584858268923 	1.890008722673 	0.000049384063 
778.365916964316 	1.889971312488 	0.000049285003 
779.146975659706 	1.889934014753 	0.000049186241 
779.928034355096 	1.889896829018 	0.000049087775 
780.709093050489 	1.889859754833 	0.000048989605 
781.490151745882 	1.889822791755 	0.000048891729 
782.271210441270 	1.889785939338 	0.000048794146 
783.052269136663 	1.889749197142 	0.000048696854 
783.833327832053 	1.889712564728 	0.000048599854 
784.614386527444 	1.889676041659 	0.000048503143 
785.395445222836 	1.889639627500 	0.000048406720 
786.176503918226 	1.889603321818 	0.000048310584 
786.957562613621 	1.889567124183 	0.000048214735 
787.738621309012 	1.889531034166 	0.000048119171 
788.519680004401 	1.889495051342 	0.000048023890 
789.300738699792 	1.889459175287 	0.000047928892 
790.081797395182 	1.889423405578 	0.000047834176 
790.862856090576 	1.889387741795 	0.000047739741 
791.643914785967 	1.889352183521 	0.000047645584 
792.424973481359 	1.889316730340 	0.000047551706 
793.206032176750 	1.889281381838 	0.000047458105 
793.987090872140 	1.889246137604 	0.000047364780 
794.768149567530 	1.889210997227 	0.000047271731 
795.549208262923 	1.889175960301 	0.000047178955 
796.330266958315 	1.889141026419 	0.000047086452 
797.111325653705 	1.889106195178 	0.000046994221 
797.892384349097 	1.889071466175 	0.000046902260 
798.673443044487 	1.889036839013 	0.000046810569 
799.454501739877 	1.889002313291 	0.000046719147 
800.235560435269 	1.888967888616 	0.000046627993 
801.016619130662 	1.888933564592 	0.000046537105 
801.797677826054 	1.888899340828 	0.000046446482 
802.578736521443 	1.888865216933 	0.000046356124 
803.359795216835 	1.888831192520 	0.000046266029 
804.140853912229 	1.888797267203 	0.000046176197 
804.921912607616 	1.888763440596 	0.000046086626 
805.702971303011 	1.888729712317 	0.000045997315 
806.484029998400 	1.888696081985 	0.000045908264 
807.265088693793 	1.888662549222 	0.000045819471 
808.046147389185 	1.888629113651 	0.000045730935 
808.827206084576 	1.888595774896 	0.000045642656 
809.608264779965 	1.888562532583 	0.000045554632 
810.389323475357 	1.888529386342 	0.000045466863 
811.170382170751 	1.888496335802 	0.000045379347 
811.951440866141 	1.888463380595 	0.000045292083 
812.732499561530 	1.888430520355 	0.000045205071 
813.513558256920 	1.888397754718 	0.000045118310 
814.294616952313 	1.888365083320 	0.000045031798 
815.075675647706 	1.888332505801 	0.000044945534 
815.856734343094 	1.888300021801 	0.000044859518 
816.637793038487 	1.888267630963 	0.000044773749 
817.418851733878 	1.888235332931 	0.000044688226 
818.199910429267 	1.888203127350 	0.000044602947 
818.980969124662 	1.888171013868 	0.000044517913 
819.762027820054 	1.888138992134 	0.000044433121 
820.543086515444 	1.888107061800 	0.000044348571 
821.324145210835 	1.888075222516 	0.000044264262 
822.105203906226 	1.888043473939 	0.000044180194 
822.886262601616 	1.888011815723 	0.000044096365 
823.667321297009 	1.887980247526 	0.000044012774 
824.448379992400 	1.887948769007 	0.000043929420 
825.229438687793 	1.887917379826 	0.000043846304 
826.010497383181 	1.887886079646 	0.000043763423 
826.791556078574 	1.887854868131 	0.000043680776 
827.572614773967 	1.887823744946 	0.000043598364 
828.353673469356 	1.887792709758 	0.000043516184 
829.134732164748 	1.887761762235 	0.000043434237 
829.915790860141 	1.887730902049 	0.000043352521 
830.696849555528 	1.887700128870 	0.000043271035 
831.477908250924 	1.887669442371 	0.000043189779 
832.258966946315 	1.887638842229 	0.000043108752 
833.040025641703 	1.887608328117 	0.000043027952 
833.821084337096 	1.887577899716 	0.000042947379 
834.602143032487 	1.887547556703 	0.000042867033 
835.383201727878 	1.887517298760 	0.000042786911 
836.164260423268 	1.887487125569 	0.000042707014 
836.945319118658 	1.887457036814 	0.000042627341 
837.726377814049 	1.887427032180 	0.000042547890 
838.507436509442 	1.887397111353 	0.000042468662 
839.288495204837 	1.887367274023 	0.000042389654 
840.069553900227 	1.887337519877 	0.000042310867 
840.850612595618 	1.887307848609 	0.000042232299 
841.631671291009 	1.887278259909 	0.000042153950 
842.412729986397 	1.887248753473 	0.000042075818 
843.193788681789 	1.887219328995 	0.000041997904 
843.974847377180 	1.887189986171 	0.000041920206 
844.755906072573 	1.887160724702 	0.000041842723 
845.536964767966 	1.887131544284 	0.000041765455 
846.318023463353 	1.887102444621 	0.000041688400 
847.099082158749 	1.887073425413 	0.000041611559 
847.880140854137 	1.887044486366 	0.000041534930 
848.661199549527 	1.887015627182 	0.000041458513 
849.442258244922 	1.886986847570 	0.000041382306 
850.223316940312 	1.886958147237 	0.000041306309 
851.004375635705 	1.886929525892 	0.000041230521 
851.785434331095 	1.886900983245 	0.000041154942 
852.566493026486 	1.886872519008 	0.000041079570 
853.347551721880 	1.886844132895 	0.000041004405 
854.128610417271 	1.886815824618 	0.000040929447 
854.909669112660 	1.886787593895 	0.000040854693 
855.690727808048 	1.886759440443 	0.000040780144 
856.471786503444 	1.886731363978 	0.000040705800 
857.252845198836 	1.886703364222 	0.000040631658 
858.033903894226 	1.886675440894 	0.000040557718 
858.814962589616 	1.886647593717 	0.000040483981 
859.596021285008 	1.886619822415 	0.000040410444 
860.377079980401 	1.886592126711 	0.000040337107 
861.158138675792 	1.886564506332 	0.000040263970 
861.939197371183 	1.886536961005 	0.000040191031 
862.720256066572 	1.886509490458 	0.000040118291 
863.501314761967 	1.886482094421 	0.000040045748 
864.282373457354 	1.886454772624 	0.000039973401 
865.063432152746 	1.886427524799 	0.000039901250 
865.844490848136 	1.886400350680 	0.000039829295 
866.625549543528 	1.886373250002 	0.000039757534 
867.406608238923 	1.886346222499 	0.000039685966 
868.187666934309 	1.886319267908 	0.000039614592 
868.968725629704 	1.886292385968 	0.000039543410 
869.749784325097 	1.886265576418 	0.000039472420 
870.530843020485 	1.886238838997 	0.000039401621 
871.311901715876 	1.886212173448 	0.000039331012 
872.092960411267 	1.886185579513 	0.000039260593 
872.874019106661 	1.886159056935 	0.000039190362 
873.655077802053 	1.886132605461 	0.000039120320 
874.436136497441 	1.886106224835 	0.000039050466 
875.217195192831 	1.886079914805 	0.000038980798 
875.998253888227 	1.886053675120 	0.000038911317 
876.779312583614 	1.886027505528 	0.000038842021 
877.560371279010 	1.886001405781 	0.000038772911 
878.341429974402 	1.885975375630 	0.000038703984 
879.122488669793 	1.885949414828 	0.000038635242 
879.903547365184 	1.885923523128 	0.000038566682 
880.684606060570 	1.885897700286 	0.000038498304 
881.465664755966 	1.885871946058 	0.000038430109 
882.246723451354 	1.885846260201 	0.000038362094 
883.027782146746 	1.885820642473 	0.000038294260 
883.808840842135 	1.885795092633 	0.000038226605 
884.589899537532 	1.885769610442 	0.000038159130 
885.370958232919 	1.885744195661 	0.000038091833 
886.152016928313 	1.885718848052 	0.000038024714 
886.933075623700 	1.885693567380 	0.000037957772 
887.714134319097 	1.885668353408 	0.000037891007 
888.495193014484 	1.885643205902 	0.000037824417 
889.276251709878 	1.885618124629 	0.000037758004 
890.057310405271 	1.885593109356 	0.000037691764 
890.838369100660 	1.885568159852 	0.000037625700 
891.619427796050 	1.885543275886 	0.000037559808 
892.400486491443 	1.885518457230 	0.000037494090 
893.181545186835 	1.885493703655 	0.000037428544 
893.962603882223 	1.885469014933 	0.000037363169 
894.743662577614 	1.885444390839 	0.000037297966 
895.524721273008 	1.885419831146 	0.000037232933 
896.305779968401 	1.885395335631 	0.000037168071 
897.086838663791 	1.885370904069 	0.000037103377 
897.867897359180 	1.885346536240 	0.000037038853 
898.648956054572 	1.885322231920 	0.000036974496 
899.430014749966 	1.885297990890 	0.000036910307 
