380.0	2.2399	0.093802
381.0	2.2376	0.092645
382.0	2.2353	0.091512
383.0	2.2331	0.090428
384.0	2.2308	0.089368
385.0	2.2286	0.088335
386.0	2.2265	0.087347
387.0	2.2243	0.086378
388.0	2.2222	0.085442
389.0	2.2200	0.084539
390.0	2.2179	0.083654
391.0	2.2159	0.082807
392.0	2.2138	0.081983
393.0	2.2118	0.081178
394.0	2.2098	0.080412
395.0	2.2078	0.079663
396.0	2.2058	0.078938
397.0	2.2039	0.078242
398.0	2.2020	0.077562
399.0	2.2001	0.076910
400.0	2.1982	0.076280
401.0	2.1963	0.075664
402.0	2.1945	0.075080
403.0	2.1927	0.074511
404.0	2.1909	0.073959
405.0	2.1891	0.073435
406.0	2.1874	0.072924
407.0	2.1857	0.072434
408.0	2.1840	0.071964
409.0	2.1823	0.071505
410.0	2.1806	0.071071
411.0	2.1790	0.070652
412.0	2.1774	0.070245
413.0	2.1758	0.069853
414.0	2.1743	0.069463
415.0	2.1728	0.069076
416.0	2.1713	0.068694
417.0	2.1698	0.068314
418.0	2.1684	0.067938
419.0	2.1670	0.067566
420.0	2.1655	0.067197
421.0	2.1641	0.066831
422.0	2.1628	0.066468
423.0	2.1614	0.066109
424.0	2.1600	0.065754
425.0	2.1587	0.065401
426.0	2.1574	0.065051
427.0	2.1561	0.064706
428.0	2.1547	0.064362
429.0	2.1535	0.064023
430.0	2.1522	0.063687
431.0	2.1509	0.063353
432.0	2.1497	0.063024
433.0	2.1484	0.062696
434.0	2.1472	0.062372
435.0	2.1460	0.062051
436.0	2.1448	0.061733
437.0	2.1436	0.061418
438.0	2.1424	0.061106
439.0	2.1412	0.060796
440.0	2.1400	0.060491
441.0	2.1388	0.060188
442.0	2.1377	0.059887
443.0	2.1365	0.059590
444.0	2.1354	0.059294
445.0	2.1343	0.059003
446.0	2.1332	0.058714
447.0	2.1320	0.058426
448.0	2.1309	0.058143
449.0	2.1298	0.057862
450.0	2.1287	0.057583
451.0	2.1277	0.057307
452.0	2.1266	0.057033
453.0	2.1255	0.056763
454.0	2.1244	0.056495
455.0	2.1234	0.056228
456.0	2.1223	0.055965
457.0	2.1213	0.055705
458.0	2.1202	0.055446
459.0	2.1192	0.055191
460.0	2.1182	0.054937
461.0	2.1172	0.054686
462.0	2.1162	0.054437
463.0	2.1152	0.054190
464.0	2.1142	0.053947
465.0	2.1132	0.053705
466.0	2.1122	0.053465
467.0	2.1112	0.053228
468.0	2.1102	0.052993
469.0	2.1092	0.052760
470.0	2.1083	0.052530
471.0	2.1073	0.052302
472.0	2.1063	0.052075
473.0	2.1054	0.051851
474.0	2.1044	0.051629
475.0	2.1035	0.051409
476.0	2.1025	0.051191
477.0	2.1016	0.050975
478.0	2.1007	0.050762
479.0	2.0997	0.050550
480.0	2.0988	0.050341
481.0	2.0979	0.050133
482.0	2.0970	0.049927
483.0	2.0961	0.049723
484.0	2.0952	0.049521
485.0	2.0943	0.049320
486.0	2.0934	0.049123
487.0	2.0925	0.048927
488.0	2.0916	0.048732
489.0	2.0907	0.048540
490.0	2.0898	0.048349
491.0	2.0889	0.048160
492.0	2.0880	0.047973
493.0	2.0872	0.047787
494.0	2.0863	0.047604
495.0	2.0854	0.047422
496.0	2.0846	0.047241
497.0	2.0837	0.047063
498.0	2.0828	0.046887
499.0	2.0820	0.046711
500.0	2.0811	0.046538
501.0	2.0803	0.046366
502.0	2.0795	0.046196
503.0	2.0786	0.046028
504.0	2.0778	0.045860
505.0	2.0769	0.045695
506.0	2.0761	0.045532
507.0	2.0753	0.045369
508.0	2.0745	0.045209
509.0	2.0736	0.045050
510.0	2.0728	0.044892
511.0	2.0720	0.044736
512.0	2.0712	0.044581
513.0	2.0704	0.044428
514.0	2.0696	0.044277
515.0	2.0687	0.044127
516.0	2.0679	0.043978
517.0	2.0671	0.043831
518.0	2.0663	0.043685
519.0	2.0655	0.043540
520.0	2.0648	0.043397
521.0	2.0640	0.043255
522.0	2.0632	0.043116
523.0	2.0624	0.042977
524.0	2.0616	0.042839
525.0	2.0608	0.042703
526.0	2.0600	0.042567
527.0	2.0593	0.042434
528.0	2.0585	0.042302
529.0	2.0577	0.042171
530.0	2.0569	0.042041
531.0	2.0562	0.041913
532.0	2.0554	0.041786
533.0	2.0546	0.041660
534.0	2.0539	0.041535
535.0	2.0531	0.041412
536.0	2.0523	0.041290
537.0	2.0516	0.041169
538.0	2.0508	0.041049
539.0	2.0501	0.040930
540.0	2.0493	0.040813
541.0	2.0486	0.040697
542.0	2.0478	0.040582
543.0	2.0471	0.040468
544.0	2.0463	0.040355
545.0	2.0456	0.040243
546.0	2.0448	0.040133
547.0	2.0441	0.040024
548.0	2.0433	0.039916
549.0	2.0426	0.039809
550.0	2.0419	0.039702
551.0	2.0411	0.039597
552.0	2.0404	0.039494
553.0	2.0397	0.039391
554.0	2.0389	0.039289
555.0	2.0382	0.039189
556.0	2.0375	0.039089
557.0	2.0368	0.038990
558.0	2.0360	0.038892
559.0	2.0353	0.038796
560.0	2.0346	0.038701
561.0	2.0339	0.038606
562.0	2.0331	0.038513
563.0	2.0324	0.038420
564.0	2.0317	0.038328
565.0	2.0310	0.038238
566.0	2.0303	0.038148
567.0	2.0296	0.038060
568.0	2.0289	0.037972
569.0	2.0281	0.037885
570.0	2.0274	0.037799
571.0	2.0267	0.037715
572.0	2.0260	0.037631
573.0	2.0253	0.037548
574.0	2.0246	0.037466
575.0	2.0239	0.037385
576.0	2.0232	0.037305
577.0	2.0225	0.037226
578.0	2.0218	0.037147
579.0	2.0211	0.037070
580.0	2.0204	0.036993
581.0	2.0197	0.036917
582.0	2.0190	0.036842
583.0	2.0183	0.036768
584.0	2.0176	0.036695
585.0	2.0169	0.036622
586.0	2.0162	0.036551
587.0	2.0155	0.036480
588.0	2.0149	0.036410
589.0	2.0142	0.036341
590.0	2.0135	0.036273
591.0	2.0128	0.036206
592.0	2.0121	0.036139
593.0	2.0114	0.036073
594.0	2.0107	0.036008
595.0	2.0100	0.035944
596.0	2.0094	0.035881
597.0	2.0087	0.035818
598.0	2.0080	0.035757
599.0	2.0073	0.035695
600.0	2.0066	0.035635
601.0	2.0060	0.035576
602.0	2.0053	0.035517
603.0	2.0046	0.035460
604.0	2.0039	0.035402
605.0	2.0032	0.035345
606.0	2.0026	0.035290
607.0	2.0019	0.035235
608.0	2.0012	0.035181
609.0	2.0005	0.035127
610.0	1.9999	0.035074
611.0	1.9992	0.035022
612.0	1.9985	0.034971
613.0	1.9979	0.034920
614.0	1.9972	0.034870
615.0	1.9965	0.034821
616.0	1.9958	0.034772
617.0	1.9952	0.034724
618.0	1.9945	0.034677
619.0	1.9938	0.034631
620.0	1.9932	0.034586
621.0	1.9925	0.034541
622.0	1.9918	0.034496
623.0	1.9912	0.034452
624.0	1.9905	0.034409
625.0	1.9898	0.034367
626.0	1.9892	0.034325
627.0	1.9885	0.034284
628.0	1.9878	0.034244
629.0	1.9872	0.034204
630.0	1.9865	0.034165
631.0	1.9859	0.034126
632.0	1.9852	0.034088
633.0	1.9845	0.034051
634.0	1.9839	0.034014
635.0	1.9832	0.033979
636.0	1.9825	0.033944
637.0	1.9819	0.033908
638.0	1.9812	0.033874
639.0	1.9806	0.033841
640.0	1.9799	0.033808
641.0	1.9792	0.033776
642.0	1.9786	0.033744
643.0	1.9779	0.033713
644.0	1.9773	0.033683
645.0	1.9766	0.033653
646.0	1.9760	0.033624
647.0	1.9753	0.033595
648.0	1.9746	0.033567
649.0	1.9740	0.033540
650.0	1.9733	0.033513
651.0	1.9727	0.033486
652.0	1.9720	0.033461
653.0	1.9714	0.033436
654.0	1.9707	0.033411
655.0	1.9701	0.033387
656.0	1.9694	0.033363
657.0	1.9687	0.033341
658.0	1.9681	0.033319
659.0	1.9674	0.033297
660.0	1.9668	0.033276
661.0	1.9661	0.033255
662.0	1.9655	0.033235
663.0	1.9648	0.033216
664.0	1.9642	0.033197
665.0	1.9635	0.033178
666.0	1.9629	0.033160
667.0	1.9622	0.033142
668.0	1.9616	0.033126
669.0	1.9609	0.033110
670.0	1.9602	0.033094
671.0	1.9596	0.033079
672.0	1.9589	0.033064
673.0	1.9583	0.033049
674.0	1.9576	0.033036
675.0	1.9570	0.033023
676.0	1.9563	0.033010
677.0	1.9557	0.032998
678.0	1.9550	0.032986
679.0	1.9544	0.032976
680.0	1.9537	0.032965
681.0	1.9531	0.032955
682.0	1.9524	0.032946
683.0	1.9518	0.032936
684.0	1.9511	0.032928
685.0	1.9505	0.032920
686.0	1.9498	0.032913
687.0	1.9492	0.032906
688.0	1.9485	0.032899
689.0	1.9479	0.032893
690.0	1.9472	0.032887
691.0	1.9466	0.032882
692.0	1.9459	0.032878
693.0	1.9453	0.032873
694.0	1.9446	0.032870
695.0	1.9439	0.032866
696.0	1.9433	0.032864
697.0	1.9426	0.032862
698.0	1.9420	0.032860
699.0	1.9413	0.032859
700.0	1.9407	0.032858
701.0	1.9400	0.032858
702.0	1.9394	0.032858
703.0	1.9387	0.032859
704.0	1.9381	0.032860
705.0	1.9374	0.032862
706.0	1.9368	0.032864
707.0	1.9361	0.032866
708.0	1.9355	0.032869
709.0	1.9348	0.032873
710.0	1.9342	0.032877
711.0	1.9335	0.032881
712.0	1.9329	0.032886
713.0	1.9322	0.032891
714.0	1.9316	0.032897
715.0	1.9309	0.032903
716.0	1.9302	0.032910
717.0	1.9296	0.032917
718.0	1.9289	0.032924
719.0	1.9283	0.032932
720.0	1.9276	0.032940
721.0	1.9270	0.032949
722.0	1.9263	0.032959
723.0	1.9257	0.032968
724.0	1.9250	0.032979
725.0	1.9244	0.032989
726.0	1.9237	0.033001
727.0	1.9230	0.033012
728.0	1.9224	0.033024
729.0	1.9217	0.033036
730.0	1.9211	0.033049
731.0	1.9204	0.033062
732.0	1.9198	0.033076
733.0	1.9191	0.033090
734.0	1.9184	0.033105
735.0	1.9178	0.033119
736.0	1.9171	0.033135
737.0	1.9165	0.033150
738.0	1.9158	0.033167
739.0	1.9152	0.033184
740.0	1.9145	0.033201
741.0	1.9138	0.033218
742.0	1.9132	0.033236
743.0	1.9125	0.033255
744.0	1.9119	0.033274
745.0	1.9112	0.033293
746.0	1.9105	0.033312
747.0	1.9099	0.033332
748.0	1.9092	0.033353
749.0	1.9086	0.033374
750.0	1.9079	0.033395
751.0	1.9072	0.033416
752.0	1.9066	0.033439
753.0	1.9059	0.033461
754.0	1.9053	0.033484
755.0	1.9046	0.033507
756.0	1.9039	0.033531
757.0	1.9033	0.033555
758.0	1.9026	0.033580
759.0	1.9019	0.033604
760.0	1.9013	0.033630
761.0	1.9006	0.033656
762.0	1.8999	0.033682
763.0	1.8993	0.033708
764.0	1.8986	0.033735
765.0	1.8980	0.033763
766.0	1.8973	0.033790
767.0	1.8966	0.033818
768.0	1.8960	0.033847
769.0	1.8953	0.033876
770.0	1.8946	0.033905
771.0	1.8939	0.033935
772.0	1.8933	0.033965
773.0	1.8926	0.033995
774.0	1.8919	0.034026
775.0	1.8913	0.034058
776.0	1.8906	0.034090
777.0	1.8899	0.034121
778.0	1.8893	0.034154
779.0	1.8886	0.034187
780.0	1.8879	0.034220