380.0	1.5228	0.000000
381.0	1.5223	0.000000
382.0	1.5219	0.000000
383.0	1.5214	0.000000
384.0	1.5209	0.000000
385.0	1.5204	0.000000
386.0	1.5200	0.000000
387.0	1.5195	0.000000
388.0	1.5190	0.000000
389.0	1.5186	0.000000
390.0	1.5181	0.000000
391.0	1.5177	0.000000
392.0	1.5173	0.000000
393.0	1.5168	0.000000
394.0	1.5164	0.000000
395.0	1.5160	0.000000
396.0	1.5156	0.000000
397.0	1.5152	0.000000
398.0	1.5148	0.000000
399.0	1.5144	0.000000
400.0	1.5140	0.000000
401.0	1.5136	0.000000
402.0	1.5132	0.000000
403.0	1.5128	0.000000
404.0	1.5125	0.000000
405.0	1.5121	0.000000
406.0	1.5117	0.000000
407.0	1.5114	0.000000
408.0	1.5110	0.000000
409.0	1.5107	0.000000
410.0	1.5103	0.000000
411.0	1.5100	0.000000
412.0	1.5096	0.000000
413.0	1.5093	0.000000
414.0	1.5090	0.000000
415.0	1.5086	0.000000
416.0	1.5083	0.000000
417.0	1.5080	0.000000
418.0	1.5077	0.000000
419.0	1.5074	0.000000
420.0	1.5070	0.000000
421.0	1.5067	0.000000
422.0	1.5064	0.000000
423.0	1.5061	0.000000
424.0	1.5058	0.000000
425.0	1.5055	0.000000
426.0	1.5053	0.000000
427.0	1.5050	0.000000
428.0	1.5047	0.000000
429.0	1.5044	0.000000
430.0	1.5041	0.000000
431.0	1.5039	0.000000
432.0	1.5036	0.000000
433.0	1.5033	0.000000
434.0	1.5031	0.000000
435.0	1.5028	0.000000
436.0	1.5025	0.000000
437.0	1.5023	0.000000
438.0	1.5020	0.000000
439.0	1.5018	0.000000
440.0	1.5015	0.000000
441.0	1.5013	0.000000
442.0	1.5010	0.000000
443.0	1.5008	0.000000
444.0	1.5006	0.000000
445.0	1.5003	0.000000
446.0	1.5001	0.000000
447.0	1.4999	0.000000
448.0	1.4996	0.000000
449.0	1.4994	0.000000
450.0	1.4992	0.000000
451.0	1.4990	0.000000
452.0	1.4988	0.000000
453.0	1.4985	0.000000
454.0	1.4983	0.000000
455.0	1.4981	0.000000
456.0	1.4979	0.000000
457.0	1.4977	0.000000
458.0	1.4975	0.000000
459.0	1.4973	0.000000
460.0	1.4971	0.000000
461.0	1.4969	0.000000
462.0	1.4967	0.000000
463.0	1.4965	0.000000
464.0	1.4963	0.000000
465.0	1.4961	0.000000
466.0	1.4959	0.000000
467.0	1.4958	0.000000
468.0	1.4956	0.000000
469.0	1.4954	0.000000
470.0	1.4952	0.000000
471.0	1.4950	0.000000
472.0	1.4949	0.000000
473.0	1.4947	0.000000
474.0	1.4945	0.000000
475.0	1.4943	0.000000
476.0	1.4942	0.000000
477.0	1.4940	0.000000
478.0	1.4938	0.000000
479.0	1.4937	0.000000
480.0	1.4935	0.000000
481.0	1.4933	0.000000
482.0	1.4932	0.000000
483.0	1.4930	0.000000
484.0	1.4929	0.000000
485.0	1.4927	0.000000
486.0	1.4926	0.000000
487.0	1.4924	0.000000
488.0	1.4923	0.000000
489.0	1.4921	0.000000
490.0	1.4920	0.000000
491.0	1.4918	0.000000
492.0	1.4917	0.000000
493.0	1.4915	0.000000
494.0	1.4914	0.000000
495.0	1.4912	0.000000
496.0	1.4911	0.000000
497.0	1.4910	0.000000
498.0	1.4908	0.000000
499.0	1.4907	0.000000
500.0	1.4906	0.000000
501.0	1.4904	0.000000
502.0	1.4903	0.000000
503.0	1.4902	0.000000
504.0	1.4900	0.000000
505.0	1.4899	0.000000
506.0	1.4898	0.000000
507.0	1.4897	0.000000
508.0	1.4895	0.000000
509.0	1.4894	0.000000
510.0	1.4893	0.000000
511.0	1.4892	0.000000
512.0	1.4890	0.000000
513.0	1.4889	0.000000
514.0	1.4888	0.000000
515.0	1.4887	0.000000
516.0	1.4886	0.000000
517.0	1.4885	0.000000
518.0	1.4883	0.000000
519.0	1.4882	0.000000
520.0	1.4881	0.000000
521.0	1.4880	0.000000
522.0	1.4879	0.000000
523.0	1.4878	0.000000
524.0	1.4877	0.000000
525.0	1.4876	0.000000
526.0	1.4875	0.000000
527.0	1.4874	0.000000
528.0	1.4873	0.000000
529.0	1.4872	0.000000
530.0	1.4871	0.000000
531.0	1.4870	0.000000
532.0	1.4869	0.000000
533.0	1.4868	0.000000
534.0	1.4867	0.000000
535.0	1.4866	0.000000
536.0	1.4865	0.000000
537.0	1.4864	0.000000
538.0	1.4863	0.000000
539.0	1.4862	0.000000
540.0	1.4861	0.000000
541.0	1.4860	0.000000
542.0	1.4859	0.000000
543.0	1.4858	0.000000
544.0	1.4857	0.000000
545.0	1.4856	0.000000
546.0	1.4856	0.000000
547.0	1.4855	0.000000
548.0	1.4854	0.000000
549.0	1.4853	0.000000
550.0	1.4852	0.000000
551.0	1.4851	0.000000
552.0	1.4850	0.000000
553.0	1.4850	0.000000
554.0	1.4849	0.000000
555.0	1.4848	0.000000
556.0	1.4847	0.000000
557.0	1.4846	0.000000
558.0	1.4846	0.000000
559.0	1.4845	0.000000
560.0	1.4844	0.000000
561.0	1.4843	0.000000
562.0	1.4842	0.000000
563.0	1.4842	0.000000
564.0	1.4841	0.000000
565.0	1.4840	0.000000
566.0	1.4839	0.000000
567.0	1.4839	0.000000
568.0	1.4838	0.000000
569.0	1.4837	0.000000
570.0	1.4837	0.000000
571.0	1.4836	0.000000
572.0	1.4835	0.000000
573.0	1.4834	0.000000
574.0	1.4834	0.000000
575.0	1.4833	0.000000
576.0	1.4832	0.000000
577.0	1.4832	0.000000
578.0	1.4831	0.000000
579.0	1.4830	0.000000
580.0	1.4830	0.000000
581.0	1.4829	0.000000
582.0	1.4828	0.000000
583.0	1.4828	0.000000
584.0	1.4827	0.000000
585.0	1.4826	0.000000
586.0	1.4826	0.000000
587.0	1.4825	0.000000
588.0	1.4825	0.000000
589.0	1.4824	0.000000
590.0	1.4823	0.000000
591.0	1.4823	0.000000
592.0	1.4822	0.000000
593.0	1.4821	0.000000
594.0	1.4821	0.000000
595.0	1.4820	0.000000
596.0	1.4820	0.000000
597.0	1.4819	0.000000
598.0	1.4819	0.000000
599.0	1.4818	0.000000
600.0	1.4817	0.000000
601.0	1.4817	0.000000
602.0	1.4816	0.000000
603.0	1.4816	0.000000
604.0	1.4815	0.000000
605.0	1.4815	0.000000
606.0	1.4814	0.000000
607.0	1.4814	0.000000
608.0	1.4813	0.000000
609.0	1.4813	0.000000
610.0	1.4812	0.000000
611.0	1.4811	0.000000
612.0	1.4811	0.000000
613.0	1.4810	0.000000
614.0	1.4810	0.000000
615.0	1.4809	0.000000
616.0	1.4809	0.000000
617.0	1.4808	0.000000
618.0	1.4808	0.000000
619.0	1.4807	0.000000
620.0	1.4807	0.000000
621.0	1.4807	0.000000
622.0	1.4806	0.000000
623.0	1.4806	0.000000
624.0	1.4805	0.000000
625.0	1.4805	0.000000
626.0	1.4804	0.000000
627.0	1.4804	0.000000
628.0	1.4803	0.000000
629.0	1.4803	0.000000
630.0	1.4802	0.000000
631.0	1.4802	0.000000
632.0	1.4801	0.000000
633.0	1.4801	0.000000
634.0	1.4801	0.000000
635.0	1.4800	0.000000
636.0	1.4800	0.000000
637.0	1.4799	0.000000
638.0	1.4799	0.000000
639.0	1.4798	0.000000
640.0	1.4798	0.000000
641.0	1.4798	0.000000
642.0	1.4797	0.000000
643.0	1.4797	0.000000
644.0	1.4796	0.000000
645.0	1.4796	0.000000
646.0	1.4796	0.000000
647.0	1.4795	0.000000
648.0	1.4795	0.000000
649.0	1.4794	0.000000
650.0	1.4794	0.000000
651.0	1.4794	0.000000
652.0	1.4793	0.000000
653.0	1.4793	0.000000
654.0	1.4792	0.000000
655.0	1.4792	0.000000
656.0	1.4792	0.000000
657.0	1.4791	0.000000
658.0	1.4791	0.000000
659.0	1.4791	0.000000
660.0	1.4790	0.000000
661.0	1.4790	0.000000
662.0	1.4790	0.000000
663.0	1.4789	0.000000
664.0	1.4789	0.000000
665.0	1.4788	0.000000
666.0	1.4788	0.000000
667.0	1.4788	0.000000
668.0	1.4787	0.000000
669.0	1.4787	0.000000
670.0	1.4787	0.000000
671.0	1.4786	0.000000
672.0	1.4786	0.000000
673.0	1.4786	0.000000
674.0	1.4785	0.000000
675.0	1.4785	0.000000
676.0	1.4785	0.000000
677.0	1.4784	0.000000
678.0	1.4784	0.000000
679.0	1.4784	0.000000
680.0	1.4783	0.000000
681.0	1.4783	0.000000
682.0	1.4783	0.000000
683.0	1.4783	0.000000
684.0	1.4782	0.000000
685.0	1.4782	0.000000
686.0	1.4782	0.000000
687.0	1.4781	0.000000
688.0	1.4781	0.000000
689.0	1.4781	0.000000
690.0	1.4780	0.000000
691.0	1.4780	0.000000
692.0	1.4780	0.000000
693.0	1.4780	0.000000
694.0	1.4779	0.000000
695.0	1.4779	0.000000
696.0	1.4779	0.000000
697.0	1.4778	0.000000
698.0	1.4778	0.000000
699.0	1.4778	0.000000
700.0	1.4778	0.000000
701.0	1.4777	0.000000
702.0	1.4777	0.000000
703.0	1.4777	0.000000
704.0	1.4777	0.000000
705.0	1.4776	0.000000
706.0	1.4776	0.000000
707.0	1.4776	0.000000
708.0	1.4775	0.000000
709.0	1.4775	0.000000
710.0	1.4775	0.000000
711.0	1.4775	0.000000
712.0	1.4774	0.000000
713.0	1.4774	0.000000
714.0	1.4774	0.000000
715.0	1.4774	0.000000
716.0	1.4773	0.000000
717.0	1.4773	0.000000
718.0	1.4773	0.000000
719.0	1.4773	0.000000
720.0	1.4772	0.000000
721.0	1.4772	0.000000
722.0	1.4772	0.000000
723.0	1.4772	0.000000
724.0	1.4771	0.000000
725.0	1.4771	0.000000
726.0	1.4771	0.000000
727.0	1.4771	0.000000
728.0	1.4771	0.000000
729.0	1.4770	0.000000
730.0	1.4770	0.000000
731.0	1.4770	0.000000
732.0	1.4770	0.000000
733.0	1.4769	0.000000
734.0	1.4769	0.000000
735.0	1.4769	0.000000
736.0	1.4769	0.000000
737.0	1.4769	0.000000
738.0	1.4768	0.000000
739.0	1.4768	0.000000
740.0	1.4768	0.000000
741.0	1.4768	0.000000
742.0	1.4767	0.000000
743.0	1.4767	0.000000
744.0	1.4767	0.000000
745.0	1.4767	0.000000
746.0	1.4767	0.000000
747.0	1.4766	0.000000
748.0	1.4766	0.000000
749.0	1.4766	0.000000
750.0	1.4766	0.000000
751.0	1.4766	0.000000
752.0	1.4765	0.000000
753.0	1.4765	0.000000
754.0	1.4765	0.000000
755.0	1.4765	0.000000
756.0	1.4765	0.000000
757.0	1.4764	0.000000
758.0	1.4764	0.000000
759.0	1.4764	0.000000
760.0	1.4764	0.000000
761.0	1.4764	0.000000
762.0	1.4763	0.000000
763.0	1.4763	0.000000
764.0	1.4763	0.000000
765.0	1.4763	0.000000
766.0	1.4763	0.000000
767.0	1.4763	0.000000
768.0	1.4762	0.000000
769.0	1.4762	0.000000
770.0	1.4762	0.000000
771.0	1.4762	0.000000
772.0	1.4762	0.000000
773.0	1.4761	0.000000
774.0	1.4761	0.000000
775.0	1.4761	0.000000
776.0	1.4761	0.000000
777.0	1.4761	0.000000
778.0	1.4761	0.000000
779.0	1.4760	0.000000
780.0	1.4760	0.000000