380.0	1.9717	0.000734
381.0	1.9712	0.000718
382.0	1.9706	0.000702
383.0	1.9701	0.000687
384.0	1.9695	0.000673
385.0	1.9690	0.000658
386.0	1.9684	0.000644
387.0	1.9679	0.000631
388.0	1.9674	0.000617
389.0	1.9668	0.000604
390.0	1.9663	0.000591
391.0	1.9658	0.000579
392.0	1.9653	0.000567
393.0	1.9648	0.000555
394.0	1.9643	0.000543
395.0	1.9638	0.000532
396.0	1.9633	0.000521
397.0	1.9629	0.000510
398.0	1.9624	0.000500
399.0	1.9619	0.000490
400.0	1.9614	0.000480
401.0	1.9610	0.000469
402.0	1.9605	0.000460
403.0	1.9601	0.000451
404.0	1.9596	0.000441
405.0	1.9592	0.000432
406.0	1.9588	0.000424
407.0	1.9583	0.000415
408.0	1.9579	0.000407
409.0	1.9575	0.000399
410.0	1.9570	0.000391
411.0	1.9566	0.000383
412.0	1.9562	0.000375
413.0	1.9558	0.000368
414.0	1.9554	0.000360
415.0	1.9550	0.000353
416.0	1.9546	0.000346
417.0	1.9542	0.000340
418.0	1.9538	0.000333
419.0	1.9534	0.000327
420.0	1.9530	0.000321
421.0	1.9527	0.000314
422.0	1.9523	0.000308
423.0	1.9519	0.000302
424.0	1.9515	0.000296
425.0	1.9512	0.000291
426.0	1.9508	0.000286
427.0	1.9505	0.000280
428.0	1.9501	0.000274
429.0	1.9498	0.000269
430.0	1.9494	0.000264
431.0	1.9491	0.000259
432.0	1.9487	0.000254
433.0	1.9484	0.000249
434.0	1.9480	0.000245
435.0	1.9477	0.000241
436.0	1.9474	0.000236
437.0	1.9470	0.000232
438.0	1.9467	0.000227
439.0	1.9464	0.000223
440.0	1.9461	0.000219
441.0	1.9458	0.000215
442.0	1.9455	0.000212
443.0	1.9451	0.000208
444.0	1.9448	0.000204
445.0	1.9445	0.000200
446.0	1.9442	0.000196
447.0	1.9439	0.000193
448.0	1.9436	0.000190
449.0	1.9433	0.000186
450.0	1.9430	0.000182
451.0	1.9427	0.000179
452.0	1.9425	0.000176
453.0	1.9422	0.000173
454.0	1.9419	0.000170
455.0	1.9416	0.000167
456.0	1.9413	0.000164
457.0	1.9411	0.000161
458.0	1.9408	0.000158
459.0	1.9405	0.000155
460.0	1.9402	0.000153
461.0	1.9400	0.000150
462.0	1.9397	0.000148
463.0	1.9394	0.000145
464.0	1.9392	0.000143
465.0	1.9389	0.000140
466.0	1.9387	0.000138
467.0	1.9384	0.000135
468.0	1.9382	0.000133
469.0	1.9379	0.000131
470.0	1.9377	0.000129
471.0	1.9374	0.000126
472.0	1.9372	0.000124
473.0	1.9369	0.000123
474.0	1.9367	0.000121
475.0	1.9365	0.000119
476.0	1.9362	0.000116
477.0	1.9360	0.000114
478.0	1.9357	0.000112
479.0	1.9355	0.000110
480.0	1.9353	0.000109
481.0	1.9351	0.000107
482.0	1.9348	0.000106
483.0	1.9346	0.000104
484.0	1.9344	0.000102
485.0	1.9342	0.000100
486.0	1.9339	0.000099
487.0	1.9337	0.000097
488.0	1.9335	0.000095
489.0	1.9333	0.000094
490.0	1.9331	0.000093
491.0	1.9329	0.000091
492.0	1.9327	0.000090
493.0	1.9325	0.000088
494.0	1.9322	0.000087
495.0	1.9320	0.000085
496.0	1.9318	0.000084
497.0	1.9316	0.000083
498.0	1.9314	0.000081
499.0	1.9312	0.000080
500.0	1.9310	0.000079
501.0	1.9308	0.000078
502.0	1.9306	0.000076
503.0	1.9305	0.000075
504.0	1.9303	0.000074
505.0	1.9301	0.000073
506.0	1.9299	0.000072
507.0	1.9297	0.000071
508.0	1.9295	0.000070
509.0	1.9293	0.000069
510.0	1.9291	0.000068
511.0	1.9290	0.000067
512.0	1.9288	0.000066
513.0	1.9286	0.000065
514.0	1.9284	0.000064
515.0	1.9282	0.000063
516.0	1.9281	0.000062
517.0	1.9279	0.000061
518.0	1.9277	0.000060
519.0	1.9275	0.000059
520.0	1.9274	0.000059
521.0	1.9272	0.000057
522.0	1.9270	0.000057
523.0	1.9269	0.000056
524.0	1.9267	0.000055
525.0	1.9265	0.000054
526.0	1.9264	0.000053
527.0	1.9262	0.000052
528.0	1.9260	0.000052
529.0	1.9259	0.000051
530.0	1.9257	0.000051
531.0	1.9256	0.000050
532.0	1.9254	0.000049
533.0	1.9252	0.000049
534.0	1.9251	0.000048
535.0	1.9249	0.000047
536.0	1.9248	0.000047
537.0	1.9246	0.000046
538.0	1.9245	0.000045
539.0	1.9243	0.000045
540.0	1.9242	0.000044
541.0	1.9240	0.000044
542.0	1.9239	0.000043
543.0	1.9237	0.000042
544.0	1.9236	0.000042
545.0	1.9234	0.000041
546.0	1.9233	0.000040
547.0	1.9231	0.000040
548.0	1.9230	0.000039
549.0	1.9229	0.000039
550.0	1.9227	0.000038
551.0	1.9226	0.000037
552.0	1.9224	0.000037
553.0	1.9223	0.000037
554.0	1.9222	0.000036
555.0	1.9220	0.000036
556.0	1.9219	0.000035
557.0	1.9218	0.000034
558.0	1.9216	0.000034
559.0	1.9215	0.000034
560.0	1.9214	0.000034
561.0	1.9212	0.000033
562.0	1.9211	0.000032
563.0	1.9210	0.000032
564.0	1.9208	0.000032
565.0	1.9207	0.000031
566.0	1.9206	0.000031
567.0	1.9205	0.000030
568.0	1.9203	0.000030
569.0	1.9202	0.000030
570.0	1.9201	0.000029
571.0	1.9200	0.000029
572.0	1.9198	0.000029
573.0	1.9197	0.000028
574.0	1.9196	0.000028
575.0	1.9195	0.000027
576.0	1.9194	0.000027
577.0	1.9192	0.000027
578.0	1.9191	0.000026
579.0	1.9190	0.000026
580.0	1.9189	0.000026
581.0	1.9188	0.000025
582.0	1.9187	0.000025
583.0	1.9185	0.000025
584.0	1.9184	0.000024
585.0	1.9183	0.000024
586.0	1.9182	0.000024
587.0	1.9181	0.000023
588.0	1.9180	0.000023
589.0	1.9179	0.000023
590.0	1.9178	0.000023
591.0	1.9176	0.000023
592.0	1.9175	0.000022
593.0	1.9174	0.000022
594.0	1.9173	0.000022
595.0	1.9172	0.000021
596.0	1.9171	0.000021
597.0	1.9170	0.000021
598.0	1.9169	0.000021
599.0	1.9168	0.000020
600.0	1.9167	0.000020
601.0	1.9166	0.000020
602.0	1.9165	0.000020
603.0	1.9164	0.000019
604.0	1.9163	0.000019
605.0	1.9162	0.000019
606.0	1.9161	0.000019
607.0	1.9160	0.000019
608.0	1.9159	0.000018
609.0	1.9158	0.000018
610.0	1.9157	0.000018
611.0	1.9156	0.000018
612.0	1.9155	0.000018
613.0	1.9154	0.000017
614.0	1.9153	0.000017
615.0	1.9152	0.000017
616.0	1.9151	0.000017
617.0	1.9150	0.000016
618.0	1.9149	0.000016
619.0	1.9148	0.000016
620.0	1.9147	0.000016
621.0	1.9146	0.000016
622.0	1.9145	0.000016
623.0	1.9144	0.000016
624.0	1.9144	0.000015
625.0	1.9143	0.000015
626.0	1.9142	0.000015
627.0	1.9141	0.000015
628.0	1.9140	0.000015
629.0	1.9139	0.000015
630.0	1.9138	0.000014
631.0	1.9137	0.000014
632.0	1.9136	0.000014
633.0	1.9136	0.000014
634.0	1.9135	0.000014
635.0	1.9134	0.000014
636.0	1.9133	0.000013
637.0	1.9132	0.000013
638.0	1.9131	0.000013
639.0	1.9130	0.000013
640.0	1.9130	0.000013
641.0	1.9129	0.000013
642.0	1.9128	0.000013
643.0	1.9127	0.000012
644.0	1.9126	0.000012
645.0	1.9126	0.000012
646.0	1.9125	0.000012
647.0	1.9124	0.000012
648.0	1.9123	0.000012
649.0	1.9122	0.000012
650.0	1.9122	0.000012
651.0	1.9121	0.000011
652.0	1.9120	0.000011
653.0	1.9119	0.000011
654.0	1.9118	0.000011
655.0	1.9118	0.000011
656.0	1.9117	0.000011
657.0	1.9116	0.000011
658.0	1.9115	0.000011
659.0	1.9115	0.000011
660.0	1.9114	0.000010
661.0	1.9113	0.000010
662.0	1.9112	0.000010
663.0	1.9112	0.000010
664.0	1.9111	0.000010
665.0	1.9110	0.000010
666.0	1.9109	0.000010
667.0	1.9109	0.000010
668.0	1.9108	0.000010
669.0	1.9107	0.000010
670.0	1.9106	0.000009
671.0	1.9106	0.000009
672.0	1.9105	0.000009
673.0	1.9104	0.000009
674.0	1.9104	0.000009
675.0	1.9103	0.000009
676.0	1.9102	0.000009
677.0	1.9102	0.000009
678.0	1.9101	0.000009
679.0	1.9100	0.000009
680.0	1.9100	0.000009
681.0	1.9099	0.000008
682.0	1.9098	0.000008
683.0	1.9097	0.000008
684.0	1.9097	0.000008
685.0	1.9096	0.000008
686.0	1.9095	0.000008
687.0	1.9095	0.000008
688.0	1.9094	0.000008
689.0	1.9094	0.000008
690.0	1.9093	0.000008
691.0	1.9092	0.000008
692.0	1.9092	0.000008
693.0	1.9091	0.000007
694.0	1.9090	0.000007
695.0	1.9090	0.000007
696.0	1.9089	0.000007
697.0	1.9088	0.000007
698.0	1.9088	0.000007
699.0	1.9087	0.000007
700.0	1.9087	0.000007
701.0	1.9086	0.000007
702.0	1.9085	0.000007
703.0	1.9085	0.000007
704.0	1.9084	0.000007
705.0	1.9083	0.000007
706.0	1.9083	0.000007
707.0	1.9082	0.000007
708.0	1.9082	0.000007
709.0	1.9081	0.000006
710.0	1.9081	0.000006
711.0	1.9080	0.000006
712.0	1.9079	0.000006
713.0	1.9079	0.000006
714.0	1.9078	0.000006
715.0	1.9078	0.000006
716.0	1.9077	0.000006
717.0	1.9076	0.000006
718.0	1.9076	0.000006
719.0	1.9075	0.000006
720.0	1.9075	0.000006
721.0	1.9074	0.000006
722.0	1.9074	0.000006
723.0	1.9073	0.000006
724.0	1.9073	0.000006
725.0	1.9072	0.000006
726.0	1.9071	0.000006
727.0	1.9071	0.000006
728.0	1.9070	0.000005
729.0	1.9070	0.000005
730.0	1.9069	0.000005
731.0	1.9069	0.000005
732.0	1.9068	0.000005
733.0	1.9068	0.000005
734.0	1.9067	0.000005
735.0	1.9067	0.000005
736.0	1.9066	0.000005
737.0	1.9066	0.000005
738.0	1.9065	0.000005
739.0	1.9064	0.000005
740.0	1.9064	0.000005
741.0	1.9063	0.000005
742.0	1.9063	0.000005
743.0	1.9062	0.000005
744.0	1.9062	0.000005
745.0	1.9061	0.000005
746.0	1.9061	0.000005
747.0	1.9060	0.000005
748.0	1.9060	0.000005
749.0	1.9059	0.000005
750.0	1.9059	0.000005
751.0	1.9058	0.000005
752.0	1.9058	0.000004
753.0	1.9057	0.000004
754.0	1.9057	0.000004
755.0	1.9056	0.000004
756.0	1.9056	0.000004
757.0	1.9056	0.000004
758.0	1.9055	0.000004
759.0	1.9055	0.000004
760.0	1.9054	0.000004
761.0	1.9054	0.000004
762.0	1.9053	0.000004
763.0	1.9053	0.000004
764.0	1.9052	0.000004
765.0	1.9052	0.000004
766.0	1.9051	0.000004
767.0	1.9051	0.000004
768.0	1.9050	0.000004
769.0	1.9050	0.000004
770.0	1.9049	0.000004
771.0	1.9049	0.000004
772.0	1.9049	0.000004
773.0	1.9048	0.000004
774.0	1.9048	0.000004
775.0	1.9047	0.000004
776.0	1.9047	0.000004
777.0	1.9046	0.000004
778.0	1.9046	0.000004
779.0	1.9045	0.000004
780.0	1.9045	0.000004