380.0	2.0701	0.023938
381.0	2.0692	0.023633
382.0	2.0683	0.023331
383.0	2.0675	0.023037
384.0	2.0666	0.022748
385.0	2.0658	0.022463
386.0	2.0649	0.022184
387.0	2.0641	0.021909
388.0	2.0633	0.021639
389.0	2.0624	0.021375
390.0	2.0616	0.021113
391.0	2.0608	0.020858
392.0	2.0600	0.020607
393.0	2.0592	0.020359
394.0	2.0584	0.020116
395.0	2.0577	0.019877
396.0	2.0569	0.019641
397.0	2.0561	0.019411
398.0	2.0554	0.019184
399.0	2.0546	0.018961
400.0	2.0539	0.018741
401.0	2.0531	0.018524
402.0	2.0524	0.018313
403.0	2.0517	0.018104
404.0	2.0509	0.017897
405.0	2.0502	0.017695
406.0	2.0495	0.017496
407.0	2.0488	0.017300
408.0	2.0481	0.017108
409.0	2.0474	0.016917
410.0	2.0467	0.016731
411.0	2.0461	0.016548
412.0	2.0454	0.016367
413.0	2.0447	0.016189
414.0	2.0440	0.016014
415.0	2.0434	0.015842
416.0	2.0427	0.015672
417.0	2.0421	0.015505
418.0	2.0414	0.015340
419.0	2.0408	0.015178
420.0	2.0402	0.015018
421.0	2.0395	0.014861
422.0	2.0389	0.014707
423.0	2.0383	0.014554
424.0	2.0377	0.014404
425.0	2.0371	0.014255
426.0	2.0365	0.014110
427.0	2.0359	0.013967
428.0	2.0353	0.013825
429.0	2.0347	0.013686
430.0	2.0341	0.013549
431.0	2.0335	0.013413
432.0	2.0329	0.013280
433.0	2.0324	0.013149
434.0	2.0318	0.013019
435.0	2.0312	0.012891
436.0	2.0307	0.012765
437.0	2.0301	0.012641
438.0	2.0296	0.012519
439.0	2.0290	0.012398
440.0	2.0285	0.012280
441.0	2.0279	0.012163
442.0	2.0274	0.012047
443.0	2.0269	0.011934
444.0	2.0263	0.011821
445.0	2.0258	0.011710
446.0	2.0253	0.011601
447.0	2.0248	0.011493
448.0	2.0243	0.011387
449.0	2.0238	0.011282
450.0	2.0233	0.011179
451.0	2.0228	0.011077
452.0	2.0223	0.010976
453.0	2.0218	0.010877
454.0	2.0213	0.010779
455.0	2.0208	0.010682
456.0	2.0203	0.010587
457.0	2.0198	0.010493
458.0	2.0193	0.010399
459.0	2.0189	0.010309
460.0	2.0184	0.010218
461.0	2.0179	0.010129
462.0	2.0175	0.010041
463.0	2.0170	0.009954
464.0	2.0166	0.009868
465.0	2.0161	0.009784
466.0	2.0156	0.009700
467.0	2.0152	0.009617
468.0	2.0148	0.009535
469.0	2.0143	0.009455
470.0	2.0139	0.009376
471.0	2.0134	0.009297
472.0	2.0130	0.009219
473.0	2.0126	0.009143
474.0	2.0122	0.009068
475.0	2.0117	0.008993
476.0	2.0113	0.008919
477.0	2.0109	0.008846
478.0	2.0105	0.008775
479.0	2.0101	0.008704
480.0	2.0097	0.008634
481.0	2.0093	0.008565
482.0	2.0089	0.008496
483.0	2.0085	0.008429
484.0	2.0081	0.008362
485.0	2.0077	0.008296
486.0	2.0073	0.008231
487.0	2.0069	0.008166
488.0	2.0065	0.008103
489.0	2.0061	0.008039
490.0	2.0057	0.007977
491.0	2.0053	0.007916
492.0	2.0050	0.007855
493.0	2.0046	0.007795
494.0	2.0042	0.007736
495.0	2.0038	0.007677
496.0	2.0035	0.007619
497.0	2.0031	0.007562
498.0	2.0028	0.007505
499.0	2.0024	0.007450
500.0	2.0020	0.007395
501.0	2.0017	0.007340
502.0	2.0013	0.007285
503.0	2.0010	0.007232
504.0	2.0006	0.007179
505.0	2.0003	0.007127
506.0	1.9999	0.007075
507.0	1.9996	0.007024
508.0	1.9993	0.006974
509.0	1.9989	0.006924
510.0	1.9986	0.006874
511.0	1.9982	0.006825
512.0	1.9979	0.006776
513.0	1.9976	0.006729
514.0	1.9973	0.006682
515.0	1.9969	0.006634
516.0	1.9966	0.006588
517.0	1.9963	0.006543
518.0	1.9960	0.006498
519.0	1.9956	0.006453
520.0	1.9953	0.006408
521.0	1.9950	0.006365
522.0	1.9947	0.006322
523.0	1.9944	0.006279
524.0	1.9941	0.006236
525.0	1.9938	0.006193
526.0	1.9935	0.006152
527.0	1.9932	0.006111
528.0	1.9929	0.006071
529.0	1.9926	0.006030
530.0	1.9923	0.005990
531.0	1.9920	0.005950
532.0	1.9917	0.005911
533.0	1.9914	0.005873
534.0	1.9911	0.005835
535.0	1.9908	0.005797
536.0	1.9905	0.005759
537.0	1.9903	0.005722
538.0	1.9900	0.005685
539.0	1.9897	0.005649
540.0	1.9894	0.005613
541.0	1.9891	0.005577
542.0	1.9889	0.005542
543.0	1.9886	0.005507
544.0	1.9883	0.005473
545.0	1.9880	0.005439
546.0	1.9878	0.005404
547.0	1.9875	0.005371
548.0	1.9872	0.005338
549.0	1.9870	0.005305
550.0	1.9867	0.005272
551.0	1.9864	0.005240
552.0	1.9862	0.005208
553.0	1.9859	0.005177
554.0	1.9857	0.005145
555.0	1.9854	0.005114
556.0	1.9852	0.005084
557.0	1.9849	0.005053
558.0	1.9847	0.005023
559.0	1.9844	0.004993
560.0	1.9842	0.004964
561.0	1.9839	0.004934
562.0	1.9837	0.004905
563.0	1.9834	0.004876
564.0	1.9832	0.004848
565.0	1.9829	0.004820
566.0	1.9827	0.004792
567.0	1.9824	0.004764
568.0	1.9822	0.004737
569.0	1.9820	0.004710
570.0	1.9817	0.004683
571.0	1.9815	0.004656
572.0	1.9813	0.004629
573.0	1.9810	0.004603
574.0	1.9808	0.004577
575.0	1.9806	0.004551
576.0	1.9804	0.004526
577.0	1.9801	0.004501
578.0	1.9799	0.004476
579.0	1.9797	0.004451
580.0	1.9795	0.004426
581.0	1.9792	0.004402
582.0	1.9790	0.004378
583.0	1.9788	0.004354
584.0	1.9786	0.004330
585.0	1.9784	0.004306
586.0	1.9782	0.004284
587.0	1.9779	0.004260
588.0	1.9777	0.004237
589.0	1.9775	0.004214
590.0	1.9773	0.004192
591.0	1.9771	0.004170
592.0	1.9769	0.004148
593.0	1.9767	0.004126
594.0	1.9765	0.004104
595.0	1.9763	0.004083
596.0	1.9761	0.004061
597.0	1.9759	0.004040
598.0	1.9757	0.004019
599.0	1.9755	0.003998
600.0	1.9753	0.003978
601.0	1.9751	0.003957
602.0	1.9749	0.003936
603.0	1.9747	0.003917
604.0	1.9745	0.003897
605.0	1.9743	0.003877
606.0	1.9741	0.003857
607.0	1.9739	0.003838
608.0	1.9737	0.003819
609.0	1.9735	0.003799
610.0	1.9733	0.003780
611.0	1.9731	0.003762
612.0	1.9729	0.003743
613.0	1.9728	0.003725
614.0	1.9726	0.003706
615.0	1.9724	0.003688
616.0	1.9722	0.003669
617.0	1.9720	0.003652
618.0	1.9718	0.003634
619.0	1.9717	0.003616
620.0	1.9715	0.003599
621.0	1.9713	0.003582
622.0	1.9711	0.003565
623.0	1.9709	0.003548
624.0	1.9708	0.003530
625.0	1.9706	0.003514
626.0	1.9704	0.003497
627.0	1.9702	0.003480
628.0	1.9701	0.003464
629.0	1.9699	0.003448
630.0	1.9697	0.003432
631.0	1.9696	0.003416
632.0	1.9694	0.003400
633.0	1.9692	0.003384
634.0	1.9690	0.003368
635.0	1.9689	0.003353
636.0	1.9687	0.003337
637.0	1.9685	0.003322
638.0	1.9684	0.003307
639.0	1.9682	0.003292
640.0	1.9681	0.003277
641.0	1.9679	0.003262
642.0	1.9677	0.003247
643.0	1.9676	0.003233
644.0	1.9674	0.003218
645.0	1.9673	0.003204
646.0	1.9671	0.003190
647.0	1.9669	0.003176
648.0	1.9668	0.003162
649.0	1.9666	0.003148
650.0	1.9665	0.003134
651.0	1.9663	0.003120
652.0	1.9662	0.003106
653.0	1.9660	0.003092
654.0	1.9659	0.003079
655.0	1.9657	0.003066
656.0	1.9656	0.003053
657.0	1.9654	0.003039
658.0	1.9653	0.003026
659.0	1.9651	0.003014
660.0	1.9650	0.003001
661.0	1.9648	0.002988
662.0	1.9647	0.002976
663.0	1.9645	0.002963
664.0	1.9644	0.002950
665.0	1.9642	0.002938
666.0	1.9641	0.002926
667.0	1.9639	0.002914
668.0	1.9638	0.002902
669.0	1.9637	0.002889
670.0	1.9635	0.002877
671.0	1.9634	0.002865
672.0	1.9632	0.002853
673.0	1.9631	0.002841
674.0	1.9630	0.002830
675.0	1.9628	0.002818
676.0	1.9627	0.002807
677.0	1.9625	0.002796
678.0	1.9624	0.002784
679.0	1.9623	0.002773
680.0	1.9621	0.002762
681.0	1.9620	0.002751
682.0	1.9619	0.002740
683.0	1.9617	0.002729
684.0	1.9616	0.002718
685.0	1.9615	0.002707
686.0	1.9613	0.002696
687.0	1.9612	0.002686
688.0	1.9611	0.002676
689.0	1.9610	0.002665
690.0	1.9608	0.002655
691.0	1.9607	0.002645
692.0	1.9606	0.002635
693.0	1.9604	0.002624
694.0	1.9603	0.002614
695.0	1.9602	0.002604
696.0	1.9601	0.002594
697.0	1.9599	0.002584
698.0	1.9598	0.002574
699.0	1.9597	0.002564
700.0	1.9596	0.002554
701.0	1.9595	0.002545
702.0	1.9593	0.002535
703.0	1.9592	0.002526
704.0	1.9591	0.002516
705.0	1.9590	0.002507
706.0	1.9589	0.002497
707.0	1.9587	0.002488
708.0	1.9586	0.002479
709.0	1.9585	0.002470
710.0	1.9584	0.002461
711.0	1.9583	0.002452
712.0	1.9581	0.002442
713.0	1.9580	0.002433
714.0	1.9579	0.002424
715.0	1.9578	0.002416
716.0	1.9577	0.002407
717.0	1.9576	0.002399
718.0	1.9575	0.002390
719.0	1.9573	0.002381
720.0	1.9572	0.002373
721.0	1.9571	0.002364
722.0	1.9570	0.002355
723.0	1.9569	0.002347
724.0	1.9568	0.002339
725.0	1.9567	0.002330
726.0	1.9566	0.002322
727.0	1.9565	0.002314
728.0	1.9563	0.002307
729.0	1.9562	0.002298
730.0	1.9561	0.002290
731.0	1.9560	0.002282
732.0	1.9559	0.002274
733.0	1.9558	0.002267
734.0	1.9557	0.002259
735.0	1.9556	0.002251
736.0	1.9555	0.002243
737.0	1.9554	0.002235
738.0	1.9553	0.002227
739.0	1.9552	0.002220
740.0	1.9551	0.002213
741.0	1.9550	0.002206
742.0	1.9549	0.002198
743.0	1.9548	0.002190
744.0	1.9547	0.002183
745.0	1.9546	0.002176
746.0	1.9545	0.002168
747.0	1.9544	0.002161
748.0	1.9543	0.002154
749.0	1.9542	0.002147
750.0	1.9541	0.002140
751.0	1.9540	0.002133
752.0	1.9539	0.002126
753.0	1.9538	0.002119
754.0	1.9537	0.002112
755.0	1.9536	0.002105
756.0	1.9535	0.002098
757.0	1.9534	0.002091
758.0	1.9533	0.002085
759.0	1.9532	0.002078
760.0	1.9531	0.002071
761.0	1.9530	0.002064
762.0	1.9529	0.002057
763.0	1.9528	0.002051
764.0	1.9527	0.002045
765.0	1.9526	0.002038
766.0	1.9525	0.002032
767.0	1.9524	0.002026
768.0	1.9524	0.002019
769.0	1.9523	0.002013
770.0	1.9522	0.002007
771.0	1.9521	0.002000
772.0	1.9520	0.001994
773.0	1.9519	0.001988
774.0	1.9518	0.001981
775.0	1.9517	0.001975
776.0	1.9516	0.001969
777.0	1.9515	0.001963
778.0	1.9514	0.001957
779.0	1.9514	0.001951
780.0	1.9513	0.001945