380	2.059564197	0.018395559
381	2.055915574	0.018420065
382	2.054103805	0.01844457
383	2.052300299	0.018469076
384	2.048717777	0.018493581
385	2.046938617	0.018518087
386	2.045167428	0.018542592
387	2.04340414	0.018567098
388	2.039900985	0.018591603
389	2.03816098	0.018616109
390	2.0364286	0.018640614
391	2.034703775	0.01866512
392	2.03127653	0.018689625
393	2.029573978	0.018714131
394	2.027878719	0.018738636
395	2.024509827	0.018763142
396	2.022836066	0.018787647
397	2.021169346	0.018812153
398	2.019509606	0.018836658
399	2.016210817	0.018861164
400	2.014571649	0.018885669
401	2.012939219	0.018910175
402	2.009694339	0.01893468
403	2.008081773	0.018959186
404	2.006475714	0.018983691
405	2.004876105	0.019008197
406	2.001696012	0.019032702
407	2.000115419	0.019057208
408	1.998541055	0.019081713
409	1.996972865	0.019106219
410	1.9938548	0.019130724
411	1.992304818	0.01915523
412	1.9907608	0.019179735
413	1.987690454	0.019204241
414	1.986164024	0.019228746
415	1.984643355	0.019253252
416	1.983128399	0.019277757
417	1.980115428	0.019302263
418	1.978617316	0.019326768
419	1.977124722	0.019351274
420	1.974155903	0.019375779
421	1.972679583	0.019400285
422	1.971208596	0.01942479
423	1.969742895	0.019449296
424	1.966827173	0.019473801
425	1.965377062	0.019498307
426	1.96393206	0.019522812
427	1.961057206	0.019547318
428	1.959627269	0.019571823
429	1.958202268	0.019596329
430	1.956782162	0.019620834
431	1.953956466	0.01964534
432	1.952550795	0.019669845
433	1.951149853	0.019694351
434	1.949753602	0.019718856
435	1.946975009	0.019743362
436	1.94559259	0.019767867
437	1.944214704	0.019792373
438	1.941472375	0.019816878
439	1.940107858	0.019841384
440	1.938747721	0.019865889
441	1.937391929	0.019890395
442	1.934693228	0.0199149
443	1.933350248	0.019939406
444	1.932011466	0.019963911
445	1.929346357	0.019988417
446	1.92801996	0.020012922
447	1.92669762	0.020037428
448	1.925379305	0.020061933
449	1.922754611	0.020086439
450	1.921448165	0.020110944
451	1.920145609	0.02013545
452	1.918846909	0.020159955
453	1.91626095	0.020184461
454	1.914973627	0.020208966
455	1.913690031	0.020233472
456	1.911133897	0.020257977
457	1.909861297	0.020282483
458	1.908592301	0.020306988
459	1.907326877	0.020331494
460	1.904806628	0.020355999
461	1.903551742	0.020380505
462	1.902300311	0.02040501
463	1.899807691	0.020429516
464	1.898566445	0.020454021
465	1.897328537	0.020478527
466	1.896093939	0.020503032
467	1.89363456	0.020527538
468	1.892409723	0.020552043
469	1.891188085	0.020576549
470	1.888754296	0.020601054
471	1.887542092	0.02062556
472	1.88633298	0.020650065
473	1.885126932	0.020674571
474	1.882723928	0.020699076
475	1.88152692	0.020723582
476	1.880332874	0.020748087
477	1.879141765	0.020772593
478	1.876768256	0.020797098
479	1.875585807	0.020821604
480	1.874406195	0.020846109
481	1.872055388	0.020870615
482	1.870884144	0.02089512
483	1.869715642	0.020919626
484	1.868549858	0.020944131
485	1.866226351	0.020968637
486	1.865068582	0.020993142
487	1.863913438	0.021017648
488	1.861610938	0.021042153
489	1.860463537	0.021066659
490	1.859318671	0.021091165
491	1.85817632	0.02111567
492	1.855899074	0.021140176
493	1.854764136	0.021164681
494	1.853631626	0.021189187
495	1.852501524	0.021213692
496	1.850248455	0.021238198
497	1.849125449	0.021262703
498	1.848004766	0.021287209
499	1.845770292	0.021311714
500	1.84465646	0.02133622
501	1.843544873	0.021360725
502	1.842435509	0.021385231
503	1.840223375	0.021409736
504	1.839120566	0.021434242
505	1.838019904	0.021458747
506	1.835824943	0.021483253
507	1.834730607	0.021507758
508	1.833638342	0.021532264
509	1.83254813	0.021556769
510	1.830373791	0.021581275
511	1.829289629	0.02160578
512	1.828207446	0.021630286
513	1.826048951	0.021654791
514	1.824972603	0.021679297
515	1.823898166	0.021703802
516	1.822825621	0.021728308
517	1.82068614	0.021752813
518	1.81961917	0.021777319
519	1.818554025	0.021801824
520	1.817490688	0.02182633
521	1.815369373	0.021850835
522	1.814311361	0.021875341
523	1.813255092	0.021899846
524	1.811147717	0.021924352
525	1.810096579	0.021948857
526	1.80904712	0.021973363
527	1.807999324	0.021997868
528	1.80590866	0.022022374
529	1.804865761	0.022046879
530	1.803824463	0.022071385
531	1.801746612	0.02209589
532	1.800710029	0.022120396
533	1.799674988	0.022144901
534	1.798641474	0.022169407
535	1.796578968	0.022193912
536	1.795549948	0.022218418
537	1.794522397	0.022242923
538	1.793496301	0.022267429
539	1.791448418	0.022291934
540	1.790426602	0.02231644
541	1.789406186	0.022340945
542	1.787369497	0.022365451
543	1.786353196	0.022389956
544	1.78533824	0.022414462
545	1.784324616	0.022438967
546	1.782301308	0.022463473
547	1.781291598	0.022487978
548	1.780283167	0.022512484
549	1.778270089	0.022536989
550	1.777265417	0.022561495
551	1.776261972	0.022586
552	1.775259742	0.022610506
553	1.773258878	0.022628467
554	1.772260218	0.022646429
555	1.771262723	0.02266439
556	1.76927118	0.02268
557	1.768277109	0.022705016
558	1.767284154	0.022715923
559	1.766292304	0.022727394
560	1.764311872	0.02275202
561	1.763323267	0.022765169
562	1.76233572	0.022778873
563	1.761349219	0.022793129
564	1.759379313	0.02282329
565	1.758395884	0.02283919
566	1.757413457	0.022855634
567	1.755451561	0.022890144
568	1.754472071	0.022908206
569	1.753493538	0.022926804
570	1.752515951	0.022945935
571	1.750563572	0.022985789
572	1.749588759	0.023006509
573	1.74861485	0.023027754
574	1.746669698	0.023071813
575	1.745698435	0.023094624
576	1.744728033	0.023117952
577	1.743758483	0.023141798
578	1.741821894	0.02319103
579	1.740854836	0.023216414
580	1.739888588	0.023242308
581	1.737958483	0.023295617
582	1.736994607	0.02332303
583	1.736031502	0.023350945
584	1.735069157	0.023379362
585	1.733146713	0.023437694
586	1.732186594	0.023467606
587	1.731227197	0.023498013
588	1.730268514	0.023528915
589	1.728353248	0.023592193
590	1.727396648	0.023624567
591	1.726440723	0.02365743
592	1.724530863	0.023724614
593	1.72357691	0.023758933
594	1.722623596	0.023793735
595	1.721670912	0.023829018
596	1.719767399	0.023901025
597	1.718816552	0.023937745
598	1.7178663	0.023974942
599	1.715967544	0.024050762
600	1.715019023	0.024089382
601	1.714071062	0.024128474
602	1.713123652	0.024168037
603	1.711230453	0.02424857
604	1.710284646	0.024289539
605	1.709339357	0.024330974
606	1.708394577	0.024372874
607	1.706506511	0.024458068
608	1.705563209	0.024501358
609	1.704620384	0.024545111
610	1.702736129	0.024633996
611	1.701794684	0.024679127
612	1.700853683	0.024724716
613	1.699913118	0.024770762
614	1.698033266	0.024864221
615	1.697093962	0.024911632
616	1.696155064	0.024959497
617	1.694278451	0.025056584
618	1.693340721	0.025105804
619	1.692403366	0.025155475
620	1.691466377	0.025205595
621	1.689593468	0.025307182
622	1.688657534	0.025358646
623	1.687721937	0.025410558
624	1.685851723	0.025515718
625	1.684917092	0.025568966
626	1.683982769	0.025622657
627	1.683048745	0.025676792
628	1.681181571	0.02578639
629	1.680248405	0.025841852
630	1.679315511	0.025897755
631	1.678382882	0.025954098
632	1.67651839	0.026068104
633	1.675586512	0.026125766
634	1.674654872	0.026183866
635	1.672792274	0.02630138
636	1.671861303	0.026360793
637	1.670930541	0.026420642
638	1.669999982	0.026480927
639	1.668139445	0.026602804
640	1.667209454	0.026664395
641	1.666279639	0.02672642
642	1.664420511	0.026851773
643	1.663491185	0.026915099
644	1.662562009	0.026978858
645	1.661632976	0.02704305
646	1.659775314	0.027172731
647	1.658846673	0.027238219
648	1.65791815	0.027304139
649	1.656989738	0.02737049
650	1.655133224	0.027504483
651	1.654205109	0.027572126
652	1.65327708	0.027640199
653	1.651421258	0.027777633
654	1.650493452	0.027846995
655	1.649565708	0.027916786
656	1.64863802	0.027987007
657	1.646782788	0.028128734
658	1.645855231	0.028200241
659	1.644927707	0.028272176
660	1.643072729	0.028417332
661	1.642145265	0.028490552
662	1.641217808	0.0285642
663	1.640290354	0.028638276
664	1.63843543	0.028787712
665	1.637507949	0.028863072
666	1.636580447	0.02893886
667	1.634725358	0.029091718
668	1.633797759	0.029168788
669	1.632870117	0.029246287
670	1.631942426	0.029324212
671	1.630086875	0.029481347
672	1.629159003	0.029560556
673	1.62823106	0.029640193
674	1.62730304	0.029720258
675	1.625446748	0.029881671
676	1.624518465	0.029963019
677	1.623590083	0.030044796
678	1.621733001	0.030209634
679	1.620804291	0.030292696
680	1.61987546	0.030376186
681	1.618946504	0.030460105
682	1.617088194	0.030629229
683	1.61615883	0.030714435
684	1.615229319	0.030800071
685	1.613369837	0.03097263
686	1.612439855	0.031059554
687	1.611509705	0.031146908
688	1.610579383	0.031234693
689	1.608718201	0.031411555
690	1.607787331	0.031500632
691	1.606856268	0.03159014
692	1.605925007	0.03168008
693	1.60406187	0.031861255
694	1.603129985	0.031952491
695	1.602197882	0.03204416
696	1.600333001	0.032228796
697	1.599400214	0.032321764
698	1.598467189	0.032415166
699	1.597533921	0.032509003
700	1.595666638	0.03269798
701	1.594732612	0.032793121
702	1.593798325	0.032888698
703	1.591928945	0.03308116
704	1.590993842	0.033178046
705	1.590058458	0.033275369
706	1.589122788	0.03337313
707	1.58725057	0.033569965
708	1.586314013	0.033669042
709	1.585377151	0.033768557
710	1.583502494	0.033968907
711	1.582564689	0.034069743
712	1.581626561	0.034171021
713	1.580688104	0.034272739
714	1.578810187	0.034477504
715	1.577870718	0.03458055
716	1.576930902	0.034684041
717	1.575990735	0.034787975
718	1.574109329	0.034997179
719	1.573168081	0.035102449
720	1.572226464	0.035208165
721	1.570342104	0.03542094
722	1.569399352	0.035527998
723	1.568456212	0.035635506
724	1.567512682	0.035743463
725	1.565624427	0.035960726
726	1.564679695	0.036070034
727	1.563734553	0.036179793
728	1.561843024	0.03640067
729	1.560896628	0.036511788
730	1.559949806	0.036623361
731	1.559002552	0.036735389
732	1.557106734	0.036960811
733	1.556158161	0.037074207
734	1.555209139	0.037188061
735	1.554259665	0.037302373
736	1.552359342	0.037532375
737	1.551408484	0.037648067
738	1.550457157	0.037764219
739	1.548553076	0.037997911
740	1.547600314	0.038115452
741	1.546647066	0.038233457
742	1.545693327	0.038351927
743	1.543784359	0.038590265
744	1.542829122	0.038710135
745	1.541873378	0.038830473
746	1.539960351	0.039072556
747	1.53900306	0.039194304
748	1.538045245	0.039316522
749	1.537086901	0.039439214
750	1.535168614	0.039686016
751	1.534208661	0.039810129
752	1.533248164	0.039934718
753	1.531325521	0.040185326
754	1.530363366	0.040311348
755	1.52940065	0.040437849
756	1.52843737	0.04056483
757	1.526509099	0.040820236
758	1.5255441	0.040948664
759	1.524578521	0.041077575
760	1.523612356	0.041206971
761	1.521678256	0.041467222
762	1.520710313	0.041598079
763	1.519741769	0.041729425
764	1.517802863	0.041993587
765	1.516832493	0.042126405
766	1.515861506	0.042259716
767	1.514889898	0.042393521
768	1.512944806	0.042662617
769	1.511971313	0.04279791
770	1.510997184	0.042933701
771	1.509047	0.043206782
772	1.508070939	0.043344073
773	1.507094225	0.043481867
774	1.506116856	0.043620165
775	1.504160134	0.043898275
776	1.503180774	0.04403809
777	1.502200743	0.044178413
778	1.501220036	0.044319244
779	1.499256582	0.04460244
780	1.498273826	0.044744806
