210.10 	0.80710 	2.63030 
210.87 	0.81598 	2.64270 
211.65 	0.82485 	2.65503 
212.42 	0.83370 	2.66731 
213.20 	0.84253 	2.67953 
213.97 	0.85135 	2.69170 
214.75 	0.86015 	2.70383 
215.52 	0.86894 	2.71591 
216.30 	0.87771 	2.72796 
217.07 	0.88647 	2.73997 
217.84 	0.89521 	2.75195 
218.62 	0.90394 	2.76389 
219.39 	0.91266 	2.77582 
220.17 	0.92137 	2.78772 
220.94 	0.93006 	2.79960 
221.72 	0.93876 	2.81147 
222.49 	0.94744 	2.82333 
223.26 	0.95612 	2.83518 
224.04 	0.96481 	2.84703 
224.81 	0.97349 	2.85888 
225.59 	0.98218 	2.87073 
226.36 	0.99088 	2.88259 
227.13 	0.99960 	2.89445 
227.91 	1.00832 	2.90633 
228.68 	1.01707 	2.91822 
229.46 	1.02585 	2.93013 
230.23 	1.03465 	2.94206 
231.00 	1.04349 	2.95402 
231.78 	1.05236 	2.96599 
232.55 	1.06128 	2.97799 
233.32 	1.07025 	2.99002 
234.10 	1.07927 	3.00208 
234.87 	1.08836 	3.01416 
235.64 	1.09751 	3.02627 
236.42 	1.10673 	3.03840 
237.19 	1.11603 	3.05057 
237.96 	1.12542 	3.06276 
238.74 	1.13489 	3.07497 
239.51 	1.14447 	3.08721 
240.28 	1.15414 	3.09947 
241.06 	1.16393 	3.11174 
241.83 	1.17383 	3.12403 
242.60 	1.18385 	3.13633 
243.37 	1.19399 	3.14864 
244.15 	1.20427 	3.16095 
244.92 	1.21469 	3.17326 
245.69 	1.22524 	3.18557 
246.47 	1.23595 	3.19786 
247.24 	1.24680 	3.21014 
248.01 	1.25781 	3.22239 
248.78 	1.26898 	3.23461 
249.56 	1.28032 	3.24680 
250.33 	1.29182 	3.25894 
251.10 	1.30349 	3.27104 
251.87 	1.31533 	3.28307 
252.64 	1.32735 	3.29504 
253.42 	1.33954 	3.30694 
254.19 	1.35191 	3.31875 
254.96 	1.36446 	3.33048 
255.73 	1.37719 	3.34210 
256.50 	1.39009 	3.35363 
257.28 	1.40318 	3.36503 
258.05 	1.41643 	3.37632 
258.82 	1.42987 	3.38747 
259.59 	1.44348 	3.39849 
260.36 	1.45725 	3.40936 
261.13 	1.47120 	3.42007 
261.91 	1.48531 	3.43062 
262.68 	1.49958 	3.44100 
263.45 	1.51401 	3.45120 
264.22 	1.52859 	3.46121 
264.99 	1.54332 	3.47104 
265.76 	1.55819 	3.48066 
266.53 	1.57320 	3.49007 
267.31 	1.58834 	3.49928 
268.08 	1.60360 	3.50826 
268.85 	1.61898 	3.51702 
269.62 	1.63447 	3.52555 
270.39 	1.65007 	3.53384 
271.16 	1.66577 	3.54189 
271.93 	1.68155 	3.54970 
272.70 	1.69742 	3.55726 
273.47 	1.71336 	3.56457 
274.24 	1.72936 	3.57162 
275.01 	1.74543 	3.57841 
275.78 	1.76154 	3.58494 
276.56 	1.77770 	3.59121 
277.33 	1.79388 	3.59721 
278.10 	1.81010 	3.60295 
278.87 	1.82632 	3.60841 
279.64 	1.84256 	3.61361 
280.41 	1.85880 	3.61854 
281.18 	1.87502 	3.62320 
281.95 	1.89123 	3.62759 
282.72 	1.90741 	3.63172 
283.49 	1.92356 	3.63558 
284.26 	1.93967 	3.63917 
285.03 	1.95572 	3.64250 
285.80 	1.97172 	3.64556 
286.57 	1.98765 	3.64837 
287.34 	2.00350 	3.65092 
288.11 	2.01928 	3.65322 
288.88 	2.03496 	3.65527 
289.65 	2.05056 	3.65707 
290.41 	2.06604 	3.65863 
291.18 	2.08142 	3.65995 
291.95 	2.09668 	3.66103 
292.72 	2.11182 	3.66188 
293.49 	2.12683 	3.66251 
294.26 	2.14171 	3.66292 
295.03 	2.15644 	3.66311 
295.80 	2.17103 	3.66309 
296.57 	2.18547 	3.66287 
297.34 	2.19976 	3.66244 
298.11 	2.21388 	3.66183 
298.88 	2.22784 	3.66102 
299.64 	2.24163 	3.66003 
300.41 	2.25525 	3.65887 
301.18 	2.26868 	3.65754 
301.95 	2.28195 	3.65604 
302.72 	2.29502 	3.65438 
303.49 	2.30791 	3.65258 
304.26 	2.32061 	3.65062 
305.02 	2.33312 	3.64853 
305.79 	2.34544 	3.64631 
306.56 	2.35756 	3.64396 
307.33 	2.36949 	3.64149 
308.10 	2.38121 	3.63891 
308.87 	2.39274 	3.63622 
309.63 	2.40406 	3.63343 
310.40 	2.41519 	3.63055 
311.17 	2.42611 	3.62757 
311.94 	2.43683 	3.62452 
312.71 	2.44734 	3.62139 
313.47 	2.45766 	3.61819 
314.24 	2.46777 	3.61492 
315.01 	2.47768 	3.61160 
315.78 	2.48739 	3.60823 
316.54 	2.49689 	3.60481 
317.31 	2.50620 	3.60135 
318.08 	2.51531 	3.59785 
318.85 	2.52423 	3.59432 
319.61 	2.53295 	3.59077 
320.38 	2.54147 	3.58721 
321.15 	2.54981 	3.58362 
321.92 	2.55795 	3.58003 
322.68 	2.56591 	3.57644 
323.45 	2.57368 	3.57284 
324.22 	2.58126 	3.56925 
324.98 	2.58867 	3.56567 
325.75 	2.59590 	3.56211 
326.52 	2.60295 	3.55856 
327.28 	2.60983 	3.55504 
328.05 	2.61654 	3.55154 
328.82 	2.62309 	3.54807 
329.58 	2.62947 	3.54464 
330.35 	2.63568 	3.54124 
331.12 	2.64174 	3.53789 
331.88 	2.64765 	3.53457 
332.65 	2.65341 	3.53131 
333.42 	2.65901 	3.52810 
334.18 	2.66447 	3.52494 
334.95 	2.66980 	3.52183 
335.72 	2.67498 	3.51878 
336.48 	2.68003 	3.51580 
337.25 	2.68494 	3.51287 
338.01 	2.68973 	3.51002 
338.78 	2.69440 	3.50722 
339.55 	2.69895 	3.50450 
340.31 	2.70337 	3.50185 
341.08 	2.70769 	3.49927 
341.84 	2.71189 	3.49676 
342.61 	2.71599 	3.49433 
343.37 	2.71999 	3.49198 
344.14 	2.72388 	3.48970 
344.90 	2.72768 	3.48751 
345.67 	2.73139 	3.48539 
346.44 	2.73501 	3.48335 
347.20 	2.73854 	3.48139 
347.97 	2.74199 	3.47952 
348.73 	2.74536 	3.47772 
349.50 	2.74865 	3.47601 
350.26 	2.75187 	3.47438 
351.03 	2.75502 	3.47284 
351.79 	2.75811 	3.47137 
352.56 	2.76113 	3.46999 
353.32 	2.76409 	3.46869 
354.09 	2.76699 	3.46748 
354.85 	2.76984 	3.46635 
355.62 	2.77263 	3.46530 
356.38 	2.77538 	3.46433 
357.14 	2.77808 	3.46344 
357.91 	2.78074 	3.46263 
358.67 	2.78336 	3.46191 
359.44 	2.78593 	3.46126 
360.20 	2.78848 	3.46069 
360.97 	2.79099 	3.46020 
361.73 	2.79346 	3.45979 
362.49 	2.79591 	3.45945 
363.26 	2.79834 	3.45919 
364.02 	2.80073 	3.45900 
364.79 	2.80311 	3.45889 
365.55 	2.80547 	3.45885 
366.31 	2.80780 	3.45888 
367.08 	2.81013 	3.45898 
367.84 	2.81243 	3.45915 
368.61 	2.81473 	3.45939 
369.37 	2.81701 	3.45969 
370.13 	2.81929 	3.46006 
370.90 	2.82156 	3.46050 
371.66 	2.82382 	3.46099 
372.42 	2.82608 	3.46155 
373.19 	2.82833 	3.46217 
373.95 	2.83058 	3.46285 
374.71 	2.83284 	3.46359 
375.48 	2.83509 	3.46439 
376.24 	2.83735 	3.46524 
377.00 	2.83961 	3.46614 
377.77 	2.84187 	3.46710 
378.53 	2.84414 	3.46811 
379.29 	2.84642 	3.46916 
380.05 	2.84870 	3.47027 
380.82 	2.85099 	3.47143 
381.58 	2.85329 	3.47263 
382.34 	2.85560 	3.47388 
383.10 	2.85792 	3.47517 
383.87 	2.86026 	3.47650 
384.63 	2.86260 	3.47787 
385.39 	2.86496 	3.47929 
386.15 	2.86733 	3.48074 
386.92 	2.86971 	3.48223 
387.68 	2.87211 	3.48375 
388.44 	2.87453 	3.48531 
389.20 	2.87695 	3.48691 
389.96 	2.87940 	3.48853 
390.73 	2.88186 	3.49019 
391.49 	2.88433 	3.49188 
392.25 	2.88682 	3.49360 
393.01 	2.88933 	3.49534 
393.77 	2.89185 	3.49711 
394.54 	2.89440 	3.49891 
395.30 	2.89695 	3.50073 
396.06 	2.89953 	3.50258 
396.82 	2.90212 	3.50445 
397.58 	2.90473 	3.50634 
398.34 	2.90736 	3.50825 
399.11 	2.91000 	3.51018 
399.87 	2.91266 	3.51212 
400.63 	2.91534 	3.51409 
401.39 	2.91804 	3.51607 
402.15 	2.92075 	3.51807 
402.91 	2.92348 	3.52009 
403.67 	2.92623 	3.52211 
404.43 	2.92899 	3.52416 
405.19 	2.93177 	3.52621 
405.95 	2.93457 	3.52828 
406.72 	2.93738 	3.53035 
407.48 	2.94021 	3.53244 
408.24 	2.94305 	3.53454 
409.00 	2.94591 	3.53665 
409.76 	2.94878 	3.53876 
410.52 	2.95167 	3.54088 
411.28 	2.95457 	3.54301 
412.04 	2.95749 	3.54515 
412.80 	2.96042 	3.54729 
413.56 	2.96337 	3.54944 
414.32 	2.96633 	3.55159 
415.08 	2.96930 	3.55375 
415.84 	2.97228 	3.55591 
416.60 	2.97528 	3.55808 
417.36 	2.97829 	3.56025 
418.12 	2.98131 	3.56242 
418.88 	2.98434 	3.56459 
419.64 	2.98738 	3.56677 
420.40 	2.99044 	3.56895 
421.16 	2.99350 	3.57113 
421.92 	2.99657 	3.57331 
422.68 	2.99966 	3.57549 
423.44 	3.00275 	3.57767 
424.20 	3.00585 	3.57986 
424.96 	3.00896 	3.58204 
425.72 	3.01208 	3.58423 
426.48 	3.01520 	3.58642 
427.23 	3.01834 	3.58860 
427.99 	3.02148 	3.59079 
428.75 	3.02463 	3.59298 
429.51 	3.02778 	3.59517 
430.27 	3.03094 	3.59736 
431.03 	3.03411 	3.59955 
431.79 	3.03728 	3.60174 
432.55 	3.04046 	3.60393 
433.31 	3.04364 	3.60613 
434.07 	3.04683 	3.60832 
434.82 	3.05003 	3.61052 
435.58 	3.05323 	3.61272 
436.34 	3.05644 	3.61492 
437.10 	3.05965 	3.61712 
437.86 	3.06286 	3.61932 
438.62 	3.06609 	3.62153 
439.38 	3.06931 	3.62374 
440.13 	3.07255 	3.62596 
440.89 	3.07579 	3.62818 
441.65 	3.07903 	3.63040 
442.41 	3.08228 	3.63263 
443.17 	3.08554 	3.63486 
443.92 	3.08880 	3.63709 
444.68 	3.09208 	3.63934 
445.44 	3.09536 	3.64158 
446.20 	3.09864 	3.64384 
446.96 	3.10194 	3.64609 
447.71 	3.10525 	3.64836 
448.47 	3.10857 	3.65063 
449.23 	3.11189 	3.65291 
449.99 	3.11523 	3.65519 
450.74 	3.11858 	3.65749 
451.50 	3.12195 	3.65978 
452.26 	3.12533 	3.66209 
453.02 	3.12872 	3.66440 
453.77 	3.13213 	3.66672 
454.53 	3.13556 	3.66904 
455.29 	3.13900 	3.67137 
456.04 	3.14247 	3.67370 
456.80 	3.14595 	3.67604 
457.56 	3.14945 	3.67839 
458.31 	3.15298 	3.68074 
459.07 	3.15652 	3.68309 
459.83 	3.16010 	3.68544 
460.59 	3.16369 	3.68780 
461.34 	3.16731 	3.69016 
462.10 	3.17096 	3.69251 
462.86 	3.17464 	3.69487 
463.61 	3.17835 	3.69722 
464.37 	3.18208 	3.69958 
465.12 	3.18585 	3.70192 
465.88 	3.18964 	3.70426 
466.64 	3.19347 	3.70660 
467.39 	3.19733 	3.70892 
468.15 	3.20122 	3.71123 
468.91 	3.20515 	3.71353 
469.66 	3.20911 	3.71582 
470.42 	3.21310 	3.71809 
471.17 	3.21713 	3.72035 
471.93 	3.22120 	3.72258 
472.69 	3.22529 	3.72480 
473.44 	3.22943 	3.72699 
474.20 	3.23359 	3.72916 
474.95 	3.23780 	3.73130 
475.71 	3.24203 	3.73341 
476.46 	3.24630 	3.73549 
477.22 	3.25060 	3.73754 
477.98 	3.25494 	3.73956 
478.73 	3.25930 	3.74153 
479.49 	3.26370 	3.74347 
480.24 	3.26812 	3.74537 
481.00 	3.27258 	3.74723 
481.75 	3.27706 	3.74904 
482.51 	3.28156 	3.75081 
483.26 	3.28609 	3.75253 
484.02 	3.29065 	3.75421 
484.77 	3.29522 	3.75583 
485.53 	3.29981 	3.75740 
486.28 	3.30442 	3.75891 
487.04 	3.30905 	3.76037 
487.79 	3.31369 	3.76178 
488.55 	3.31834 	3.76313 
489.30 	3.32300 	3.76442 
490.06 	3.32767 	3.76565 
490.81 	3.33235 	3.76682 
491.56 	3.33702 	3.76794 
492.32 	3.34170 	3.76899 
493.07 	3.34638 	3.76998 
493.83 	3.35105 	3.77091 
494.58 	3.35571 	3.77178 
495.34 	3.36037 	3.77258 
496.09 	3.36501 	3.77333 
496.84 	3.36964 	3.77401 
497.60 	3.37426 	3.77463 
498.35 	3.37886 	3.77519 
499.11 	3.38343 	3.77569 
499.86 	3.38799 	3.77613 
500.61 	3.39252 	3.77651 
501.37 	3.39702 	3.77683 
502.12 	3.40149 	3.77709 
502.88 	3.40593 	3.77730 
503.63 	3.41034 	3.77746 
504.38 	3.41471 	3.77756 
505.14 	3.41904 	3.77760 
505.89 	3.42334 	3.77760 
506.64 	3.42759 	3.77755 
507.40 	3.43180 	3.77745 
508.15 	3.43597 	3.77730 
508.90 	3.44009 	3.77711 
509.66 	3.44417 	3.77687 
510.41 	3.44820 	3.77659 
511.16 	3.45217 	3.77628 
511.92 	3.45610 	3.77592 
512.67 	3.45998 	3.77553 
513.42 	3.46380 	3.77511 
514.17 	3.46757 	3.77466 
514.93 	3.47128 	3.77417 
515.68 	3.47495 	3.77366 
516.43 	3.47855 	3.77313 
517.18 	3.48210 	3.77256 
517.94 	3.48560 	3.77198 
518.69 	3.48904 	3.77138 
519.44 	3.49242 	3.77076 
520.19 	3.49575 	3.77013 
520.95 	3.49902 	3.76948 
521.70 	3.50224 	3.76882 
522.45 	3.50540 	3.76815 
523.20 	3.50851 	3.76747 
523.96 	3.51156 	3.76679 
524.71 	3.51456 	3.76610 
525.46 	3.51750 	3.76540 
526.21 	3.52039 	3.76471 
526.96 	3.52323 	3.76402 
527.72 	3.52601 	3.76333 
528.47 	3.52875 	3.76264 
529.22 	3.53143 	3.76196 
529.97 	3.53407 	3.76129 
530.72 	3.53666 	3.76062 
531.48 	3.53920 	3.75996 
532.23 	3.54170 	3.75931 
532.98 	3.54415 	3.75867 
533.73 	3.54655 	3.75805 
534.48 	3.54892 	3.75744 
535.23 	3.55124 	3.75684 
535.98 	3.55352 	3.75626 
536.74 	3.55576 	3.75569 
537.49 	3.55797 	3.75514 
538.24 	3.56013 	3.75461 
538.99 	3.56226 	3.75410 
539.74 	3.56436 	3.75360 
540.49 	3.56642 	3.75313 
541.24 	3.56846 	3.75267 
541.99 	3.57046 	3.75223 
542.74 	3.57243 	3.75182 
543.49 	3.57437 	3.75142 
544.24 	3.57629 	3.75105 
545.00 	3.57818 	3.75069 
545.75 	3.58004 	3.75036 
546.50 	3.58188 	3.75004 
547.25 	3.58370 	3.74975 
548.00 	3.58549 	3.74948 
548.75 	3.58727 	3.74923 
549.50 	3.58902 	3.74900 
550.25 	3.59076 	3.74879 
551.00 	3.59248 	3.74860 
551.75 	3.59418 	3.74844 
552.50 	3.59586 	3.74829 
553.25 	3.59754 	3.74816 
554.00 	3.59919 	3.74805 
554.75 	3.60084 	3.74796 
555.50 	3.60247 	3.74789 
556.25 	3.60408 	3.74784 
557.00 	3.60569 	3.74780 
557.75 	3.60729 	3.74779 
558.50 	3.60888 	3.74779 
559.25 	3.61045 	3.74780 
560.00 	3.61202 	3.74783 
560.75 	3.61358 	3.74788 
561.50 	3.61514 	3.74795 
562.25 	3.61669 	3.74802 
563.00 	3.61823 	3.74812 
563.75 	3.61976 	3.74822 
564.50 	3.62129 	3.74834 
565.25 	3.62281 	3.74848 
565.99 	3.62433 	3.74862 
566.74 	3.62584 	3.74878 
567.49 	3.62735 	3.74895 
568.24 	3.62885 	3.74913 
568.99 	3.63035 	3.74932 
569.74 	3.63185 	3.74952 
570.49 	3.63334 	3.74972 
571.24 	3.63483 	3.74994 
571.99 	3.63632 	3.75017 
572.74 	3.63780 	3.75040 
573.48 	3.63928 	3.75064 
574.23 	3.64076 	3.75089 
574.98 	3.64223 	3.75115 
575.73 	3.64370 	3.75141 
576.48 	3.64517 	3.75168 
577.23 	3.64664 	3.75195 
577.98 	3.64810 	3.75223 
578.72 	3.64956 	3.75252 
579.47 	3.65102 	3.75280 
580.22 	3.65248 	3.75310 
580.97 	3.65393 	3.75339 
581.72 	3.65538 	3.75369 
582.47 	3.65683 	3.75399 
583.21 	3.65827 	3.75430 
583.96 	3.65971 	3.75460 
584.71 	3.66115 	3.75491 
585.46 	3.66258 	3.75522 
586.21 	3.66401 	3.75554 
586.95 	3.66544 	3.75585 
587.70 	3.66687 	3.75617 
588.45 	3.66829 	3.75648 
589.20 	3.66970 	3.75680 
589.94 	3.67112 	3.75712 
590.69 	3.67253 	3.75743 
591.44 	3.67393 	3.75775 
592.19 	3.67533 	3.75807 
592.93 	3.67673 	3.75839 
593.68 	3.67812 	3.75870 
594.43 	3.67950 	3.75902 
595.18 	3.68089 	3.75934 
595.92 	3.68226 	3.75965 
596.67 	3.68363 	3.75996 
597.42 	3.68500 	3.76028 
598.16 	3.68636 	3.76059 
598.91 	3.68772 	3.76090 
599.66 	3.68907 	3.76121 
600.41 	3.69041 	3.76151 
601.15 	3.69175 	3.76182 
601.90 	3.69308 	3.76212 
602.65 	3.69441 	3.76243 
603.39 	3.69572 	3.76273 
604.14 	3.69704 	3.76303 
604.89 	3.69834 	3.76332 
605.63 	3.69964 	3.76362 
606.38 	3.70094 	3.76391 
607.13 	3.70222 	3.76420 
607.87 	3.70350 	3.76449 
608.62 	3.70477 	3.76478 
609.37 	3.70603 	3.76507 
610.11 	3.70729 	3.76535 
610.86 	3.70854 	3.76563 
611.60 	3.70978 	3.76591 
612.35 	3.71101 	3.76619 
613.10 	3.71224 	3.76646 
613.84 	3.71346 	3.76674 
614.59 	3.71467 	3.76701 
615.33 	3.71587 	3.76728 
616.08 	3.71706 	3.76754 
616.83 	3.71824 	3.76781 
617.57 	3.71942 	3.76807 
618.32 	3.72059 	3.76834 
619.06 	3.72175 	3.76860 
619.81 	3.72290 	3.76885 
620.55 	3.72404 	3.76911 
621.30 	3.72517 	3.76936 
622.05 	3.72629 	3.76962 
622.79 	3.72741 	3.76987 
623.54 	3.72851 	3.77012 
624.28 	3.72961 	3.77036 
625.03 	3.73070 	3.77061 
625.77 	3.73178 	3.77085 
626.52 	3.73285 	3.77110 
627.26 	3.73390 	3.77134 
628.01 	3.73495 	3.77158 
628.75 	3.73600 	3.77182 
629.50 	3.73703 	3.77205 
630.24 	3.73805 	3.77229 
630.99 	3.73906 	3.77252 
631.73 	3.74006 	3.77275 
632.48 	3.74105 	3.77299 
633.22 	3.74204 	3.77322 
633.97 	3.74301 	3.77345 
634.71 	3.74397 	3.77368 
635.46 	3.74493 	3.77390 
636.20 	3.74587 	3.77413 
636.95 	3.74680 	3.77436 
637.69 	3.74773 	3.77458 
638.44 	3.74864 	3.77480 
639.18 	3.74954 	3.77503 
639.92 	3.75043 	3.77525 
640.67 	3.75132 	3.77547 
641.41 	3.75219 	3.77569 
642.16 	3.75305 	3.77591 
642.90 	3.75391 	3.77613 
643.65 	3.75475 	3.77635 
644.39 	3.75558 	3.77657 
645.13 	3.75640 	3.77679 
645.88 	3.75722 	3.77701 
646.62 	3.75802 	3.77723 
647.37 	3.75881 	3.77744 
648.11 	3.75959 	3.77766 
648.85 	3.76036 	3.77788 
649.60 	3.76112 	3.77810 
650.34 	3.76187 	3.77831 
651.08 	3.76261 	3.77853 
651.83 	3.76334 	3.77875 
652.57 	3.76406 	3.77896 
653.31 	3.76477 	3.77918 
654.06 	3.76547 	3.77940 
654.80 	3.76616 	3.77962 
655.54 	3.76684 	3.77984 
656.29 	3.76750 	3.78005 
657.03 	3.76816 	3.78027 
657.77 	3.76881 	3.78049 
658.52 	3.76944 	3.78071 
659.26 	3.77007 	3.78093 
660.00 	3.77068 	3.78115 
660.75 	3.77129 	3.78137 
661.49 	3.77188 	3.78159 
662.23 	3.77247 	3.78182 
662.98 	3.77304 	3.78204 
663.72 	3.77361 	3.78226 
664.46 	3.77416 	3.78249 
665.20 	3.77470 	3.78271 
665.95 	3.77523 	3.78294 
666.69 	3.77576 	3.78317 
667.43 	3.77627 	3.78339 
668.17 	3.77677 	3.78362 
668.92 	3.77726 	3.78385 
669.66 	3.77774 	3.78409 
670.40 	3.77821 	3.78432 
671.14 	3.77867 	3.78455 
671.89 	3.77912 	3.78479 
672.63 	3.77956 	3.78502 
673.37 	3.77998 	3.78526 
674.11 	3.78040 	3.78550 
674.86 	3.78081 	3.78574 
675.60 	3.78121 	3.78598 
676.34 	3.78159 	3.78622 
677.08 	3.78197 	3.78647 
677.82 	3.78234 	3.78671 
678.57 	3.78269 	3.78696 
679.31 	3.78304 	3.78721 
680.05 	3.78337 	3.78746 
680.79 	3.78370 	3.78771 
681.53 	3.78401 	3.78796 
682.27 	3.78432 	3.78822 
683.02 	3.78461 	3.78848 
683.76 	3.78489 	3.78874 
684.50 	3.78517 	3.78900 
685.24 	3.78543 	3.78926 
685.98 	3.78568 	3.78953 
686.72 	3.78592 	3.78979 
687.46 	3.78616 	3.79006 
688.21 	3.78638 	3.79033 
688.95 	3.78659 	3.79060 
689.69 	3.78679 	3.79088 
690.43 	3.78698 	3.79116 
691.17 	3.78716 	3.79144 
691.91 	3.78734 	3.79172 
692.65 	3.78750 	3.79200 
693.39 	3.78765 	3.79229 
694.13 	3.78779 	3.79258 
694.88 	3.78792 	3.79287 
695.62 	3.78804 	3.79316 
696.36 	3.78815 	3.79346 
697.10 	3.78825 	3.79375 
697.84 	3.78834 	3.79406 
698.58 	3.78842 	3.79436 
699.32 	3.78849 	3.79466 
700.06 	3.78855 	3.79497 
700.80 	3.78860 	3.79528 
701.54 	3.78864 	3.79560 
702.28 	3.78866 	3.79591 
703.02 	3.78868 	3.79623 
703.76 	3.78869 	3.79655 
704.50 	3.78869 	3.79688 
705.24 	3.78868 	3.79721 
705.98 	3.78866 	3.79754 
706.72 	3.78863 	3.79787 
707.46 	3.78859 	3.79821 
708.20 	3.78854 	3.79855 
708.94 	3.78848 	3.79889 
709.68 	3.78841 	3.79923 
710.42 	3.78833 	3.79958 
711.16 	3.78824 	3.79993 
711.90 	3.78814 	3.80029 
712.64 	3.78803 	3.80065 
713.38 	3.78791 	3.80101 
714.12 	3.78778 	3.80137 
714.86 	3.78764 	3.80174 
715.60 	3.78750 	3.80211 
716.34 	3.78734 	3.80249 
717.08 	3.78717 	3.80286 
717.82 	3.78699 	3.80324 
718.56 	3.78680 	3.80363 
719.30 	3.78661 	3.80402 
720.04 	3.78640 	3.80441 
720.78 	3.78618 	3.80480 
721.52 	3.78595 	3.80520 
722.25 	3.78572 	3.80560 
722.99 	3.78547 	3.80601 
723.73 	3.78522 	3.80642 
724.47 	3.78495 	3.80683 
725.21 	3.78468 	3.80725 
725.95 	3.78439 	3.80767 
726.69 	3.78410 	3.80809 
727.43 	3.78380 	3.80852 
728.17 	3.78348 	3.80895 
728.90 	3.78316 	3.80939 
729.64 	3.78283 	3.80983 
730.38 	3.78249 	3.81027 
731.12 	3.78214 	3.81072 
731.86 	3.78178 	3.81117 
732.60 	3.78141 	3.81163 
733.34 	3.78103 	3.81209 
734.07 	3.78064 	3.81256 
734.81 	3.78024 	3.81302 
735.55 	3.77983 	3.81350 
736.29 	3.77942 	3.81397 
737.03 	3.77899 	3.81445 
737.76 	3.77856 	3.81494 
738.50 	3.77811 	3.81543 
739.24 	3.77766 	3.81592 
739.98 	3.77719 	3.81642 
740.72 	3.77672 	3.81692 
741.45 	3.77624 	3.81743 
742.19 	3.77575 	3.81794 
742.93 	3.77525 	3.81846 
743.67 	3.77474 	3.81898 
744.41 	3.77422 	3.81950 
745.14 	3.77370 	3.82003 
745.88 	3.77316 	3.82057 
746.62 	3.77261 	3.82110 
747.36 	3.77206 	3.82165 
748.09 	3.77150 	3.82220 
748.83 	3.77092 	3.82275 
749.57 	3.77034 	3.82331 
750.31 	3.76975 	3.82387 
751.04 	3.76915 	3.82444 
751.78 	3.76854 	3.82501 
752.52 	3.76793 	3.82559 
753.25 	3.76730 	3.82617 
753.99 	3.76667 	3.82675 
754.73 	3.76602 	3.82735 
755.47 	3.76537 	3.82794 
756.20 	3.76471 	3.82854 
756.94 	3.76404 	3.82915 
757.68 	3.76336 	3.82976 
758.41 	3.76267 	3.83038 
759.15 	3.76197 	3.83100 
759.89 	3.76127 	3.83163 
760.62 	3.76055 	3.83226 
761.36 	3.75983 	3.83290 
762.10 	3.75910 	3.83354 
762.83 	3.75836 	3.83419 
763.57 	3.75761 	3.83484 
764.31 	3.75685 	3.83550 
765.04 	3.75608 	3.83617 
765.78 	3.75531 	3.83684 
766.51 	3.75453 	3.83751 
767.25 	3.75374 	3.83819 
767.99 	3.75294 	3.83888 
768.72 	3.75213 	3.83957 
769.46 	3.75131 	3.84027 
770.20 	3.75048 	3.84097 
770.93 	3.74965 	3.84168 
771.67 	3.74881 	3.84239 
772.40 	3.74796 	3.84311 
773.14 	3.74710 	3.84384 
773.87 	3.74623 	3.84457 
774.61 	3.74536 	3.84531 
775.35 	3.74447 	3.84605 
776.08 	3.74358 	3.84680 
776.82 	3.74268 	3.84755 
777.55 	3.74177 	3.84831 
778.29 	3.74086 	3.84908 
779.02 	3.73993 	3.84985 
779.76 	3.73900 	3.85063 
780.49 	3.73806 	3.85141 
781.23 	3.73711 	3.85220 
781.97 	3.73615 	3.85300 
782.70 	3.73519 	3.85380 
783.44 	3.73421 	3.85461 
784.17 	3.73323 	3.85542 
784.91 	3.73224 	3.85624 
785.64 	3.73125 	3.85707 
786.38 	3.73024 	3.85790 
787.11 	3.72923 	3.85874 
787.85 	3.72821 	3.85958 
788.58 	3.72718 	3.86043 
789.31 	3.72615 	3.86129 
790.05 	3.72510 	3.86216 
790.78 	3.72405 	3.86303 
791.52 	3.72299 	3.86390 
792.25 	3.72193 	3.86479 
792.99 	3.72085 	3.86568 
793.72 	3.71977 	3.86657 
794.46 	3.71868 	3.86747 
795.19 	3.71758 	3.86838 
795.93 	3.71648 	3.86930 
796.66 	3.71537 	3.87022 
797.39 	3.71425 	3.87115 
798.13 	3.71312 	3.87208 
798.86 	3.71198 	3.87303 
799.60 	3.71084 	3.87398 
800.33 	3.70969 	3.87493 
801.06 	3.70854 	3.87589 
801.80 	3.70737 	3.87686 
802.53 	3.70620 	3.87784 
803.27 	3.70502 	3.87882 
804.00 	3.70384 	3.87981 
804.73 	3.70264 	3.88080 
805.47 	3.70144 	3.88181 
806.20 	3.70024 	3.88282 
806.93 	3.69902 	3.88383 
807.67 	3.69780 	3.88486 
808.40 	3.69657 	3.88589 
809.13 	3.69534 	3.88693 
809.87 	3.69409 	3.88797 
810.60 	3.69284 	3.88902 
811.33 	3.69159 	3.89008 
812.07 	3.69032 	3.89115 
812.80 	3.68905 	3.89222 
813.53 	3.68777 	3.89330 
814.27 	3.68649 	3.89439 
815.00 	3.68520 	3.89548 
815.73 	3.68390 	3.89658 
816.46 	3.68260 	3.89769 
817.20 	3.68129 	3.89881 
817.93 	3.67997 	3.89993 
818.66 	3.67864 	3.90106 
819.40 	3.67731 	3.90220 
820.13 	3.67598 	3.90335 
820.86 	3.67463 	3.90450 
821.59 	3.67328 	3.90566 
822.33 	3.67192 	3.90683 
823.06 	3.67056 	3.90800 
823.79 	3.66919 	3.90919 
824.52 	3.66781 	3.91038 
825.26 	3.66643 	3.91157 
825.99 	3.66504 	3.91278 
826.72 	3.66365 	3.91399 
827.45 	3.66225 	3.91521 
828.18 	3.66084 	3.91644 
828.92 	3.65942 	3.91768 
829.65 	3.65800 	3.91892 
830.38 	3.65658 	3.92017 
831.11 	3.65515 	3.92143 
831.84 	3.65371 	3.92269 
832.57 	3.65226 	3.92397 
833.31 	3.65081 	3.92525 
834.04 	3.64936 	3.92654 
834.77 	3.64789 	3.92784 
835.50 	3.64643 	3.92914 
836.23 	3.64495 	3.93045 
836.96 	3.64347 	3.93178 
837.69 	3.64199 	3.93310 
838.43 	3.64049 	3.93444 
839.16 	3.63900 	3.93579 
839.89 	3.63750 	3.93714 
840.62 	3.63599 	3.93850 
841.35 	3.63447 	3.93987 
842.08 	3.63295 	3.94124 
842.81 	3.63143 	3.94263 
843.54 	3.62990 	3.94402 
844.27 	3.62836 	3.94542 
845.00 	3.62682 	3.94683 
845.74 	3.62527 	3.94825 
846.47 	3.62372 	3.94967 
847.20 	3.62216 	3.95110 
847.93 	3.62060 	3.95254 
848.66 	3.61903 	3.95399 
849.39 	3.61746 	3.95545 
850.12 	3.61588 	3.95692 
850.85 	3.61430 	3.95839 
851.58 	3.61271 	3.95987 
852.31 	3.61111 	3.96136 
853.04 	3.60952 	3.96286 
853.77 	3.60791 	3.96437 
854.50 	3.60630 	3.96588 
855.23 	3.60469 	3.96741 
855.96 	3.60307 	3.96894 
856.69 	3.60145 	3.97048 
857.42 	3.59982 	3.97202 
858.15 	3.59819 	3.97358 
858.88 	3.59655 	3.97515 
859.61 	3.59491 	3.97672 
860.34 	3.59326 	3.97830 
861.07 	3.59161 	3.97989 
861.80 	3.58995 	3.98149 
862.53 	3.58829 	3.98310 
863.26 	3.58663 	3.98471 
863.99 	3.58496 	3.98634 
864.71 	3.58328 	3.98797 
865.44 	3.58160 	3.98961 
866.17 	3.57992 	3.99126 
866.90 	3.57823 	3.99292 
867.63 	3.57654 	3.99459 
868.36 	3.57485 	3.99626 
869.09 	3.57315 	3.99795 
869.82 	3.57144 	3.99964 
870.55 	3.56973 	4.00134 
871.28 	3.56802 	4.00305 
872.00 	3.56630 	4.00477 
872.73 	3.56458 	4.00650 
873.46 	3.56286 	4.00823 
874.19 	3.56113 	4.00998 
874.92 	3.55940 	4.01173 
875.65 	3.55766 	4.01349 
876.37 	3.55592 	4.01526 
877.10 	3.55418 	4.01704 
877.83 	3.55243 	4.01883 
878.56 	3.55068 	4.02063 
879.29 	3.54893 	4.02243 
880.02 	3.54717 	4.02425 
880.74 	3.54541 	4.02607 
881.47 	3.54364 	4.02790 
882.20 	3.54188 	4.02974 
882.93 	3.54010 	4.03159 
883.65 	3.53833 	4.03345 
884.38 	3.53655 	4.03532 
885.11 	3.53477 	4.03720 
885.84 	3.53298 	4.03908 
886.56 	3.53119 	4.04097 
887.29 	3.52940 	4.04288 
888.02 	3.52761 	4.04479 
888.75 	3.52581 	4.04671 
889.47 	3.52401 	4.04864 
890.20 	3.52221 	4.05057 
890.93 	3.52040 	4.05252 
891.66 	3.51859 	4.05448 
892.38 	3.51678 	4.05644 
893.11 	3.51496 	4.05842 
893.84 	3.51314 	4.06040 
894.56 	3.51132 	4.06239 
895.29 	3.50950 	4.06439 
896.02 	3.50767 	4.06640 
896.74 	3.50584 	4.06842 
897.47 	3.50401 	4.07045 
898.20 	3.50217 	4.07248 
898.92 	3.50034 	4.07453 
899.65 	3.49850 	4.07658 
900.37 	3.49666 	4.07864 
901.10 	3.49481 	4.08072 
901.83 	3.49297 	4.08280 
902.55 	3.49112 	4.08489 
903.28 	3.48927 	4.08699 
904.00 	3.48741 	4.08909 
904.73 	3.48556 	4.09121 
905.46 	3.48370 	4.09334 
906.18 	3.48184 	4.09547 
906.91 	3.47998 	4.09761 
907.63 	3.47811 	4.09977 
908.36 	3.47625 	4.10193 
909.08 	3.47438 	4.10410 
909.81 	3.47251 	4.10628 
910.54 	3.47064 	4.10847 
911.26 	3.46877 	4.11067 
911.99 	3.46689 	4.11287 
912.71 	3.46501 	4.11509 
913.44 	3.46314 	4.11731 
914.16 	3.46126 	4.11955 
914.89 	3.45937 	4.12179 
915.61 	3.45749 	4.12404 
916.34 	3.45561 	4.12630 
917.06 	3.45372 	4.12857 
917.78 	3.45183 	4.13085 
918.51 	3.44994 	4.13314 
919.23 	3.44805 	4.13544 
919.96 	3.44616 	4.13774 
920.68 	3.44427 	4.14006 
921.41 	3.44238 	4.14238 
922.13 	3.44048 	4.14471 
922.86 	3.43859 	4.14706 
923.58 	3.43669 	4.14941 
924.30 	3.43479 	4.15177 
925.03 	3.43289 	4.15413 
925.75 	3.43099 	4.15651 
926.48 	3.42909 	4.15890 
927.20 	3.42719 	4.16129 
927.92 	3.42528 	4.16370 
928.65 	3.42338 	4.16611 
929.37 	3.42148 	4.16853 
930.09 	3.41957 	4.17097 
930.82 	3.41767 	4.17341 
931.54 	3.41576 	4.17585 
932.26 	3.41385 	4.17831 
932.99 	3.41195 	4.18078 
933.71 	3.41004 	4.18326 
934.43 	3.40813 	4.18574 
935.16 	3.40622 	4.18823 
935.88 	3.40431 	4.19074 
936.60 	3.40240 	4.19325 
937.32 	3.40049 	4.19577 
938.05 	3.39858 	4.19830 
938.77 	3.39667 	4.20084 
939.49 	3.39476 	4.20338 
940.22 	3.39285 	4.20594 
940.94 	3.39094 	4.20850 
941.66 	3.38903 	4.21108 
942.38 	3.38712 	4.21366 
943.10 	3.38521 	4.21625 
943.83 	3.38330 	4.21885 
944.55 	3.38139 	4.22146 
945.27 	3.37948 	4.22407 
945.99 	3.37757 	4.22670 
946.71 	3.37566 	4.22934 
947.44 	3.37375 	4.23198 
948.16 	3.37185 	4.23463 
948.88 	3.36994 	4.23729 
949.60 	3.36803 	4.23996 
950.32 	3.36612 	4.24264 
951.04 	3.36421 	4.24533 
951.76 	3.36231 	4.24802 
952.49 	3.36040 	4.25073 
953.21 	3.35850 	4.25344 
953.93 	3.35659 	4.25616 
954.65 	3.35469 	4.25889 
955.37 	3.35279 	4.26163 
956.09 	3.35089 	4.26438 
956.81 	3.34898 	4.26714 
957.53 	3.34708 	4.26990 
958.25 	3.34518 	4.27267 
