380.00 	1.498760 	0.000000 
381.00 	1.498700 	0.000000 
382.00 	1.498640 	0.000000 
383.00 	1.498570 	0.000000 
384.00 	1.498490 	0.000000 
385.00 	1.498420 	0.000000 
386.00 	1.498340 	0.000000 
387.00 	1.498260 	0.000000 
388.00 	1.498170 	0.000000 
389.00 	1.498090 	0.000000 
390.00 	1.498000 	0.000000 
391.00 	1.497910 	0.000000 
392.00 	1.497810 	0.000000 
393.00 	1.497710 	0.000000 
394.00 	1.497620 	0.000000 
395.00 	1.497510 	0.000000 
396.00 	1.497410 	0.000000 
397.00 	1.497310 	0.000000 
398.00 	1.497200 	0.000000 
399.00 	1.497090 	0.000000 
400.00 	1.496980 	0.000000 
401.00 	1.496870 	0.000000 
402.00 	1.496750 	0.000000 
403.00 	1.496640 	0.000000 
404.00 	1.496520 	0.000000 
405.00 	1.496400 	0.000000 
406.00 	1.496280 	0.000000 
407.00 	1.496160 	0.000000 
408.00 	1.496040 	0.000000 
409.00 	1.495920 	0.000000 
410.00 	1.495800 	0.000000 
411.00 	1.495670 	0.000000 
412.00 	1.495550 	0.000000 
413.00 	1.495420 	0.000000 
414.00 	1.495290 	0.000000 
415.00 	1.495170 	0.000000 
416.00 	1.495040 	0.000000 
417.00 	1.494910 	0.000000 
418.00 	1.494780 	0.000000 
419.00 	1.494650 	0.000000 
420.00 	1.494520 	0.000000 
421.00 	1.494390 	0.000000 
422.00 	1.494260 	0.000000 
423.00 	1.494130 	0.000000 
424.00 	1.493990 	0.000000 
425.00 	1.493860 	0.000000 
426.00 	1.493730 	0.000000 
427.00 	1.493600 	0.000000 
428.00 	1.493460 	0.000000 
429.00 	1.493330 	0.000000 
430.00 	1.493200 	0.000000 
431.00 	1.493070 	0.000000 
432.00 	1.492930 	0.000000 
433.00 	1.492800 	0.000000 
434.00 	1.492670 	0.000000 
435.00 	1.492530 	0.000000 
436.00 	1.492400 	0.000000 
437.00 	1.492270 	0.000000 
438.00 	1.492130 	0.000000 
439.00 	1.492000 	0.000000 
440.00 	1.491870 	0.000000 
441.00 	1.491740 	0.000000 
442.00 	1.491600 	0.000000 
443.00 	1.491470 	0.000000 
444.00 	1.491340 	0.000000 
445.00 	1.491210 	0.000000 
446.00 	1.491080 	0.000000 
447.00 	1.490950 	0.000000 
448.00 	1.490810 	0.000000 
449.00 	1.490680 	0.000000 
450.00 	1.490550 	0.000000 
451.00 	1.490420 	0.000000 
452.00 	1.490290 	0.000000 
453.00 	1.490170 	0.000000 
454.00 	1.490040 	0.000000 
455.00 	1.489910 	0.000000 
456.00 	1.489780 	0.000000 
457.00 	1.489650 	0.000000 
458.00 	1.489530 	0.000000 
459.00 	1.489400 	0.000000 
460.00 	1.489270 	0.000000 
461.00 	1.489150 	0.000000 
462.00 	1.489020 	0.000000 
463.00 	1.488900 	0.000000 
464.00 	1.488770 	0.000000 
465.00 	1.488650 	0.000000 
466.00 	1.488530 	0.000000 
467.00 	1.488400 	0.000000 
468.00 	1.488280 	0.000000 
469.00 	1.488160 	0.000000 
470.00 	1.488040 	0.000000 
471.00 	1.487920 	0.000000 
472.00 	1.487800 	0.000000 
473.00 	1.487680 	0.000000 
474.00 	1.487560 	0.000000 
475.00 	1.487440 	0.000000 
476.00 	1.487320 	0.000000 
477.00 	1.487200 	0.000000 
478.00 	1.487090 	0.000000 
479.00 	1.486970 	0.000000 
480.00 	1.486850 	0.000000 
481.00 	1.486740 	0.000000 
482.00 	1.486620 	0.000000 
483.00 	1.486510 	0.000000 
484.00 	1.486400 	0.000000 
485.00 	1.486280 	0.000000 
486.00 	1.486170 	0.000000 
487.00 	1.486060 	0.000000 
488.00 	1.485950 	0.000000 
489.00 	1.485840 	0.000000 
490.00 	1.485730 	0.000000 
491.00 	1.485620 	0.000000 
492.00 	1.485510 	0.000000 
493.00 	1.485400 	0.000000 
494.00 	1.485290 	0.000000 
495.00 	1.485190 	0.000000 
496.00 	1.485080 	0.000000 
497.00 	1.484970 	0.000000 
498.00 	1.484870 	0.000000 
499.00 	1.484760 	0.000000 
500.00 	1.484660 	0.000000 
501.00 	1.484560 	0.000000 
502.00 	1.484450 	0.000000 
503.00 	1.484350 	0.000000 
504.00 	1.484250 	0.000000 
505.00 	1.484150 	0.000000 
506.00 	1.484050 	0.000000 
507.00 	1.483950 	0.000000 
508.00 	1.483850 	0.000000 
509.00 	1.483750 	0.000000 
510.00 	1.483650 	0.000000 
511.00 	1.483550 	0.000000 
512.00 	1.483460 	0.000000 
513.00 	1.483360 	0.000000 
514.00 	1.483260 	0.000000 
515.00 	1.483170 	0.000000 
516.00 	1.483070 	0.000000 
517.00 	1.482980 	0.000000 
518.00 	1.482890 	0.000000 
519.00 	1.482790 	0.000000 
520.00 	1.482700 	0.000000 
521.00 	1.482610 	0.000000 
522.00 	1.482520 	0.000000 
523.00 	1.482430 	0.000000 
524.00 	1.482340 	0.000000 
525.00 	1.482250 	0.000000 
526.00 	1.482160 	0.000000 
527.00 	1.482070 	0.000000 
528.00 	1.481980 	0.000000 
529.00 	1.481900 	0.000000 
530.00 	1.481810 	0.000000 
531.00 	1.481730 	0.000000 
532.00 	1.481640 	0.000000 
533.00 	1.481550 	0.000000 
534.00 	1.481470 	0.000000 
535.00 	1.481390 	0.000000 
536.00 	1.481300 	0.000000 
537.00 	1.481220 	0.000000 
538.00 	1.481140 	0.000000 
539.00 	1.481060 	0.000000 
540.00 	1.480980 	0.000000 
541.00 	1.480900 	0.000000 
542.00 	1.480820 	0.000000 
543.00 	1.480740 	0.000000 
544.00 	1.480660 	0.000000 
545.00 	1.480580 	0.000000 
546.00 	1.480500 	0.000000 
547.00 	1.480420 	0.000000 
548.00 	1.480350 	0.000000 
549.00 	1.480270 	0.000000 
550.00 	1.480190 	0.000000 
551.00 	1.480120 	0.000000 
552.00 	1.480040 	0.000000 
553.00 	1.479970 	0.000000 
554.00 	1.479890 	0.000000 
555.00 	1.479820 	0.000000 
556.00 	1.479750 	0.000000 
557.00 	1.479680 	0.000000 
558.00 	1.479600 	0.000000 
559.00 	1.479530 	0.000000 
560.00 	1.479460 	0.000000 
561.00 	1.479390 	0.000000 
562.00 	1.479320 	0.000000 
563.00 	1.479250 	0.000000 
564.00 	1.479180 	0.000000 
565.00 	1.479110 	0.000000 
566.00 	1.479050 	0.000000 
567.00 	1.478980 	0.000000 
568.00 	1.478910 	0.000000 
569.00 	1.478840 	0.000000 
570.00 	1.478780 	0.000000 
571.00 	1.478710 	0.000000 
572.00 	1.478650 	0.000000 
573.00 	1.478580 	0.000000 
574.00 	1.478520 	0.000000 
575.00 	1.478450 	0.000000 
576.00 	1.478390 	0.000000 
577.00 	1.478330 	0.000000 
578.00 	1.478260 	0.000000 
579.00 	1.478200 	0.000000 
580.00 	1.478140 	0.000000 
581.00 	1.478080 	0.000000 
582.00 	1.478020 	0.000000 
583.00 	1.477960 	0.000000 
584.00 	1.477900 	0.000000 
585.00 	1.477840 	0.000000 
586.00 	1.477780 	0.000000 
587.00 	1.477720 	0.000000 
588.00 	1.477660 	0.000000 
589.00 	1.477600 	0.000000 
590.00 	1.477540 	0.000000 
591.00 	1.477480 	0.000000 
592.00 	1.477430 	0.000000 
593.00 	1.477370 	0.000000 
594.00 	1.477310 	0.000000 
595.00 	1.477260 	0.000000 
596.00 	1.477200 	0.000000 
597.00 	1.477150 	0.000000 
598.00 	1.477090 	0.000000 
599.00 	1.477040 	0.000000 
600.00 	1.476990 	0.000000 
601.00 	1.476930 	0.000000 
602.00 	1.476880 	0.000000 
603.00 	1.476830 	0.000000 
604.00 	1.476770 	0.000000 
605.00 	1.476720 	0.000000 
606.00 	1.476670 	0.000000 
607.00 	1.476620 	0.000000 
608.00 	1.476570 	0.000000 
609.00 	1.476520 	0.000000 
610.00 	1.476470 	0.000000 
611.00 	1.476420 	0.000000 
612.00 	1.476370 	0.000000 
613.00 	1.476320 	0.000000 
614.00 	1.476270 	0.000000 
615.00 	1.476220 	0.000000 
616.00 	1.476170 	0.000000 
617.00 	1.476120 	0.000000 
618.00 	1.476080 	0.000000 
619.00 	1.476030 	0.000000 
620.00 	1.475980 	0.000000 
621.00 	1.475940 	0.000000 
622.00 	1.475890 	0.000000 
623.00 	1.475840 	0.000000 
624.00 	1.475800 	0.000000 
625.00 	1.475750 	0.000000 
626.00 	1.475710 	0.000000 
627.00 	1.475660 	0.000000 
628.00 	1.475620 	0.000000 
629.00 	1.475570 	0.000000 
630.00 	1.475530 	0.000000 
631.00 	1.475490 	0.000000 
632.00 	1.475440 	0.000000 
633.00 	1.475400 	0.000000 
634.00 	1.475360 	0.000000 
635.00 	1.475320 	0.000000 
636.00 	1.475270 	0.000000 
637.00 	1.475230 	0.000000 
638.00 	1.475190 	0.000000 
639.00 	1.475150 	0.000000 
640.00 	1.475110 	0.000000 
641.00 	1.475070 	0.000000 
642.00 	1.475030 	0.000000 
643.00 	1.474990 	0.000000 
644.00 	1.474950 	0.000000 
645.00 	1.474910 	0.000000 
646.00 	1.474870 	0.000000 
647.00 	1.474830 	0.000000 
648.00 	1.474790 	0.000000 
649.00 	1.474750 	0.000000 
650.00 	1.474710 	0.000000 
651.00 	1.474680 	0.000000 
652.00 	1.474640 	0.000000 
653.00 	1.474600 	0.000000 
654.00 	1.474560 	0.000000 
655.00 	1.474530 	0.000000 
656.00 	1.474490 	0.000000 
657.00 	1.474450 	0.000000 
658.00 	1.474420 	0.000000 
659.00 	1.474380 	0.000000 
660.00 	1.474350 	0.000000 
661.00 	1.474310 	0.000000 
662.00 	1.474280 	0.000000 
663.00 	1.474240 	0.000000 
664.00 	1.474210 	0.000000 
665.00 	1.474170 	0.000000 
666.00 	1.474140 	0.000000 
667.00 	1.474100 	0.000000 
668.00 	1.474070 	0.000000 
669.00 	1.474040 	0.000000 
670.00 	1.474000 	0.000000 
671.00 	1.473970 	0.000000 
672.00 	1.473940 	0.000000 
673.00 	1.473910 	0.000000 
674.00 	1.473870 	0.000000 
675.00 	1.473840 	0.000000 
676.00 	1.473810 	0.000000 
677.00 	1.473780 	0.000000 
678.00 	1.473750 	0.000000 
679.00 	1.473720 	0.000000 
680.00 	1.473680 	0.000000 
681.00 	1.473650 	0.000000 
682.00 	1.473620 	0.000000 
683.00 	1.473590 	0.000000 
684.00 	1.473560 	0.000000 
685.00 	1.473530 	0.000000 
686.00 	1.473500 	0.000000 
687.00 	1.473470 	0.000000 
688.00 	1.473440 	0.000000 
689.00 	1.473410 	0.000000 
690.00 	1.473390 	0.000000 
691.00 	1.473360 	0.000000 
692.00 	1.473330 	0.000000 
693.00 	1.473300 	0.000000 
694.00 	1.473270 	0.000000 
695.00 	1.473240 	0.000000 
696.00 	1.473220 	0.000000 
697.00 	1.473190 	0.000000 
698.00 	1.473160 	0.000000 
699.00 	1.473130 	0.000000 
700.00 	1.473110 	0.000000 
701.00 	1.473080 	0.000000 
702.00 	1.473050 	0.000000 
703.00 	1.473030 	0.000000 
704.00 	1.473000 	0.000000 
705.00 	1.472970 	0.000000 
706.00 	1.472950 	0.000000 
707.00 	1.472920 	0.000000 
708.00 	1.472900 	0.000000 
709.00 	1.472870 	0.000000 
710.00 	1.472850 	0.000000 
711.00 	1.472820 	0.000000 
712.00 	1.472800 	0.000000 
713.00 	1.472770 	0.000000 
714.00 	1.472750 	0.000000 
715.00 	1.472720 	0.000000 
716.00 	1.472700 	0.000000 
717.00 	1.472670 	0.000000 
718.00 	1.472650 	0.000000 
719.00 	1.472630 	0.000000 
720.00 	1.472600 	0.000000 
721.00 	1.472580 	0.000000 
722.00 	1.472560 	0.000000 
723.00 	1.472530 	0.000000 
724.00 	1.472510 	0.000000 
725.00 	1.472490 	0.000000 
726.00 	1.472460 	0.000000 
727.00 	1.472440 	0.000000 
728.00 	1.472420 	0.000000 
729.00 	1.472400 	0.000000 
730.00 	1.472370 	0.000000 
731.00 	1.472350 	0.000000 
732.00 	1.472330 	0.000000 
733.00 	1.472310 	0.000000 
734.00 	1.472290 	0.000000 
735.00 	1.472270 	0.000000 
736.00 	1.472240 	0.000000 
737.00 	1.472220 	0.000000 
738.00 	1.472200 	0.000000 
739.00 	1.472180 	0.000000 
740.00 	1.472160 	0.000000 
741.00 	1.472140 	0.000000 
742.00 	1.472120 	0.000000 
743.00 	1.472100 	0.000000 
744.00 	1.472080 	0.000000 
745.00 	1.472060 	0.000000 
746.00 	1.472040 	0.000000 
747.00 	1.472020 	0.000000 
748.00 	1.472000 	0.000000 
749.00 	1.471980 	0.000000 
750.00 	1.471960 	0.000000 
751.00 	1.471940 	0.000000 
752.00 	1.471920 	0.000000 
753.00 	1.471900 	0.000000 
754.00 	1.471890 	0.000000 
755.00 	1.471870 	0.000000 
756.00 	1.471850 	0.000000 
757.00 	1.471830 	0.000000 
758.00 	1.471810 	0.000000 
759.00 	1.471790 	0.000000 
760.00 	1.471780 	0.000000 
761.00 	1.471760 	0.000000 
762.00 	1.471740 	0.000000 
763.00 	1.471720 	0.000000 
764.00 	1.471700 	0.000000 
765.00 	1.471690 	0.000000 
766.00 	1.471670 	0.000000 
767.00 	1.471650 	0.000000 
768.00 	1.471640 	0.000000 
769.00 	1.471620 	0.000000 
770.00 	1.471600 	0.000000 
771.00 	1.471580 	0.000000 
772.00 	1.471570 	0.000000 
773.00 	1.471550 	0.000000 
774.00 	1.471530 	0.000000 
775.00 	1.471520 	0.000000 
776.00 	1.471500 	0.000000 
777.00 	1.471490 	0.000000 
778.00 	1.471470 	0.000000 
779.00 	1.471450 	0.000000 
780.00 	1.471440 	0.000000 
