378.14	1.686 	0.0104 
379.73	1.685 	0.0102 
381.31	1.684 	0.0101 
382.9	1.683 	0.0099 
384.49	1.682 	0.0087 
386.08	1.681 	0.0086 
387.67	1.681 	0.0086 
389.26	1.679 	0.0093 
390.85	1.679 	0.0092 
392.44	1.678 	0.0086 
394.02	1.677 	0.0072 
395.61	1.677 	0.0077 
397.2	1.676 	0.0075 
398.79	1.676 	0.0071 
400.38	1.675 	0.0058 
401.97	1.674 	0.0054 
403.55	1.672 	0.0049 
405.14	1.671 	0.0047 
406.73	1.670 	0.0047 
408.32	1.670 	0.0042 
409.91	1.669 	0.0042 
411.5	1.667 	0.0042 
413.08	1.667 	0.0038 
414.67	1.666 	0.0028 
416.26	1.665 	0.0029 
417.85	1.664 	0.0030 
419.44	1.663 	0.0030 
421.02	1.662 	0.0028 
422.61	1.662 	0.0022 
424.2	1.661 	0.0025 
425.79	1.660 	0.0024 
427.38	1.659 	0.0018 
428.96	1.659 	0.0016 
430.55	1.658 	0.0013 
432.14	1.657 	0.0015 
433.73	1.656 	0.0013 
435.32	1.656 	0.0014 
436.9	1.655 	0.0003 
438.49	1.654 	0.0012 
440.08	1.653 	0.0016 
441.67	1.653 	0.0018 
443.25	1.652 	0.0012 
444.84	1.651 	0.0012 
446.43	1.651 	0.0006 
448.02	1.651 	0.0010 
449.6	1.650 	0.0008 
451.19	1.649 	0.0006 
452.78	1.649 	0.0008 
454.37	1.648 	0.0007 
455.95	1.647 	0.0013 
457.54	1.647 	0.0007 
459.13	1.646 	0.0004 
460.72	1.645 	0.0005 
462.3	1.644 	0.0001 
463.89	1.644 	0.0002 
465.48	1.644 	0.0000 
467.07	1.644 	0.0001 
468.65	1.643 	0.0000 
470.24	1.642 	0.0000 
471.83	1.641 	0.0000 
473.41	1.641 	0.0000 
475	1.640 	0.0000 
476.59	1.640 	0.0000 
478.17	1.639 	0.0000 
479.76	1.639 	0.0000 
481.35	1.638 	0.0000 
482.93	1.637 	0.0000 
484.52	1.637 	0.0000 
486.11	1.637 	0.0000 
487.7	1.637 	0.0000 
489.28	1.636 	0.0000 
490.87	1.636 	0.0000 
492.45	1.635 	0.0000 
494.04	1.635 	0.0000 
495.63	1.634 	0.0000 
497.21	1.634 	0.0000 
498.8	1.634 	0.0000 
500.39	1.633 	0.0000 
501.97	1.633 	0.0000 
503.56	1.633 	0.0000 
505.15	1.632 	0.0000 
506.73	1.632 	0.0000 
508.32	1.632 	0.0000 
509.9	1.632 	0.0000 
511.49	1.631 	0.0000 
513.08	1.631 	0.0000 
514.66	1.631 	0.0000 
516.25	1.631 	0.0000 
517.83	1.630 	0.0000 
519.42	1.630 	0.0000 
521.01	1.630 	0.0000 
522.59	1.630 	0.0000 
524.18	1.629 	0.0000 
525.76	1.629 	0.0000 
527.35	1.629 	0.0000 
528.93	1.628 	0.0000 
530.52	1.628 	0.0000 
532.1	1.628 	0.0000 
533.69	1.627 	0.0000 
535.28	1.627 	0.0000 
536.86	1.627 	0.0000 
538.45	1.626 	0.0000 
540.03	1.626 	0.0000 
541.62	1.626 	0.0000 
543.2	1.626 	0.0000 
544.79	1.626 	0.0000 
546.37	1.625 	0.0000 
547.96	1.625 	0.0000 
549.54	1.625 	0.0000 
551.13	1.625 	0.0000 
552.71	1.624 	0.0000 
554.3	1.624 	0.0000 
555.88	1.624 	0.0000 
557.47	1.624 	0.0000 
559.05	1.624 	0.0000 
560.64	1.623 	0.0000 
562.22	1.623 	0.0000 
563.8	1.622 	0.0000 
565.39	1.623 	0.0000 
566.97	1.622 	0.0000 
568.56	1.622 	0.0000 
570.14	1.622 	0.0000 
571.73	1.621 	0.0000 
573.31	1.621 	0.0000 
574.89	1.621 	0.0000 
576.48	1.621 	0.0000 
578.06	1.621 	0.0000 
579.65	1.620 	0.0000 
581.23	1.620 	0.0000 
582.81	1.621 	0.0000 
584.4	1.620 	0.0000 
585.98	1.620 	0.0000 
587.57	1.620 	0.0000 
589.15	1.620 	0.0000 
590.73	1.620 	0.0000 
592.32	1.619 	0.0000 
593.9	1.619 	0.0000 
595.48	1.619 	0.0000 
597.07	1.619 	0.0000 
598.65	1.619 	0.0000 
600.23	1.618 	0.0000 
601.82	1.618 	0.0000 
603.4	1.618 	0.0000 
604.98	1.618 	0.0000 
606.57	1.618 	0.0000 
608.15	1.617 	0.0000 
609.73	1.618 	0.0000 
611.31	1.617 	0.0000 
612.9	1.617 	0.0000 
614.48	1.617 	0.0000 
616.06	1.617 	0.0000 
617.64	1.617 	0.0000 
619.23	1.617 	0.0000 
620.81	1.617 	0.0000 
622.39	1.616 	0.0000 
623.97	1.616 	0.0000 
625.56	1.616 	0.0000 
627.14	1.616 	0.0000 
628.72	1.615 	0.0000 
630.3	1.616 	0.0000 
631.89	1.615 	0.0000 
633.47	1.616 	0.0000 
635.05	1.615 	0.0000 
636.63	1.615 	0.0000 
638.21	1.614 	0.0000 
639.79	1.615 	0.0000 
641.38	1.615 	0.0000 
642.96	1.614 	0.0000 
644.54	1.615 	0.0000 
646.12	1.614 	0.0000 
647.7	1.615 	0.0000 
649.28	1.614 	0.0000 
650.87	1.613 	0.0000 
652.45	1.612 	0.0000 
654.03	1.613 	0.0000 
655.61	1.614 	0.0000 
657.19	1.615 	0.0000 
658.77	1.615 	0.0000 
660.35	1.614 	0.0000 
661.93	1.613 	0.0000 
663.51	1.613 	0.0000 
665.09	1.612 	0.0000 
666.67	1.614 	0.0000 
668.26	1.612 	0.0000 
669.84	1.613 	0.0000 
671.42	1.613 	0.0000 
673	1.612 	0.0000 
674.58	1.612 	0.0000 
676.16	1.614 	0.0007 
677.74	1.611 	0.0000 
679.32	1.613 	0.0006 
680.9	1.612 	0.0002 
682.48	1.612 	0.0000 
684.06	1.610 	0.0000 
685.64	1.612 	0.0006 
687.22	1.611 	0.0000 
688.8	1.612 	0.0001 
690.38	1.611 	0.0001 
691.95	1.610 	0.0000 
693.53	1.612 	0.0016 
695.11	1.611 	0.0001 
696.69	1.610 	0.0003 
698.27	1.610 	0.0000 
699.85	1.611 	0.0013 
701.43	1.610 	0.0003 
703.01	1.609 	0.0003 
704.59	1.611 	0.0013 
706.17	1.610 	0.0005 
707.75	1.610 	0.0002 
709.32	1.611 	0.0013 
710.9	1.610 	0.0014 
712.48	1.610 	0.0006 
714.06	1.610 	0.0019 
715.64	1.608 	0.0002 
717.22	1.610 	0.0011 
718.79	1.610 	0.0021 
720.37	1.609 	0.0023 
721.95	1.609 	0.0021 
723.53	1.608 	0.0006 
725.11	1.610 	0.0015 
726.68	1.610 	0.0010 
728.26	1.610 	0.0019 
729.84	1.610 	0.0009 
731.42	1.609 	0.0014 
733	1.610 	0.0005 
734.57	1.610 	0.0020 
736.15	1.609 	0.0019 
737.73	1.610 	0.0018 
739.3	1.611 	0.0029 
740.88	1.608 	0.0016 
742.46	1.607 	0.0008 
744.04	1.610 	0.0030 
745.61	1.611 	0.0042 
747.19	1.608 	0.0027 
748.77	1.608 	0.0026 
750.34	1.610 	0.0044 
751.92	1.609 	0.0034 
753.5	1.609 	0.0035 
755.07	1.611 	0.0047 
756.65	1.609 	0.0039 
758.23	1.610 	0.0041 
759.8	1.608 	0.0039 
761.38	1.607 	0.0029 
762.95	1.609 	0.0048 
764.53	1.606 	0.0026 
766.1	1.609 	0.0058 
767.68	1.608 	0.0033 
769.26	1.609 	0.0050 
770.83	1.608 	0.0053 
772.41	1.608 	0.0063 
773.98	1.606 	0.0048 
775.56	1.608 	0.0055 
777.13	1.606 	0.0060 
778.71	1.605 	0.0043 
780.28	1.607 	0.0056 
781.86	1.609 	0.0062 
783.43	1.607 	0.0047 
785.01	1.605 	0.0047 
786.58	1.605 	0.0048 
788.16	1.606 	0.0053 
789.73	1.609 	0.0073 
791.31	1.609 	0.0065 
792.88	1.604 	0.0047 
794.45	1.607 	0.0053 
796.03	1.603 	0.0042 
797.6	1.607 	0.0054 
799.18	1.608 	0.0068 
800.75	1.611 	0.0074 