380	1.52	0
381	1.52	0
382	1.52	0
383	1.52	0
384	1.52	0
385	1.52	0
386	1.52	0
387	1.52	0
388	1.52	0
389	1.52	0
390	1.52	0
391	1.52	0
392	1.52	0
393	1.52	0
394	1.52	0
395	1.52	0
396	1.52	0
397	1.52	0
398	1.52	0
399	1.52	0
400	1.52	0
401	1.52	0
402	1.52	0
403	1.52	0
404	1.52	0
405	1.52	0
406	1.52	0
407	1.52	0
408	1.52	0
409	1.52	0
410	1.52	0
411	1.52	0
412	1.52	0
413	1.52	0
414	1.52	0
415	1.52	0
416	1.52	0
417	1.52	0
418	1.52	0
419	1.52	0
420	1.52	0
421	1.52	0
422	1.52	0
423	1.52	0
424	1.52	0
425	1.52	0
426	1.52	0
427	1.52	0
428	1.52	0
429	1.52	0
430	1.52	0
431	1.52	0
432	1.52	0
433	1.52	0
434	1.52	0
435	1.52	0
436	1.52	0
437	1.52	0
438	1.52	0
439	1.52	0
440	1.52	0
441	1.52	0
442	1.52	0
443	1.52	0
444	1.52	0
445	1.52	0
446	1.52	0
447	1.52	0
448	1.52	0
449	1.52	0
450	1.52	0
451	1.52	0
452	1.52	0
453	1.52	0
454	1.52	0
455	1.52	0
456	1.52	0
457	1.52	0
458	1.52	0
459	1.52	0
460	1.52	0
461	1.52	0
462	1.52	0
463	1.52	0
464	1.52	0
465	1.52	0
466	1.52	0
467	1.52	0
468	1.52	0
469	1.52	0
470	1.52	0
471	1.52	0
472	1.52	0
473	1.52	0
474	1.52	0
475	1.52	0
476	1.52	0
477	1.52	0
478	1.52	0
479	1.52	0
480	1.52	0
481	1.52	0
482	1.52	0
483	1.52	0
484	1.52	0
485	1.52	0
486	1.52	0
487	1.52	0
488	1.52	0
489	1.52	0
490	1.52	0
491	1.52	0
492	1.52	0
493	1.52	0
494	1.52	0
495	1.52	0
496	1.52	0
497	1.52	0
498	1.52	0
499	1.52	0
500	1.52	0
501	1.52	0
502	1.52	0
503	1.52	0
504	1.52	0
505	1.52	0
506	1.52	0
507	1.52	0
508	1.52	0
509	1.52	0
510	1.52	0
511	1.52	0
512	1.52	0
513	1.52	0
514	1.52	0
515	1.52	0
516	1.52	0
517	1.52	0
518	1.52	0
519	1.52	0
520	1.52	0
521	1.52	0
522	1.52	0
523	1.52	0
524	1.52	0
525	1.52	0
526	1.52	0
527	1.52	0
528	1.52	0
529	1.52	0
530	1.52	0
531	1.52	0
532	1.52	0
533	1.52	0
534	1.52	0
535	1.52	0
536	1.52	0
537	1.52	0
538	1.52	0
539	1.52	0
540	1.52	0
541	1.52	0
542	1.52	0
543	1.52	0
544	1.52	0
545	1.52	0
546	1.52	0
547	1.52	0
548	1.52	0
549	1.52	0
550	1.52	0
551	1.52	0
552	1.52	0
553	1.52	0
554	1.52	0
555	1.52	0
556	1.52	0
557	1.52	0
558	1.52	0
559	1.52	0
560	1.52	0
561	1.52	0
562	1.52	0
563	1.52	0
564	1.52	0
565	1.52	0
566	1.52	0
567	1.52	0
568	1.52	0
569	1.52	0
570	1.52	0
571	1.52	0
572	1.52	0
573	1.52	0
574	1.52	0
575	1.52	0
576	1.52	0
577	1.52	0
578	1.52	0
579	1.52	0
580	1.52	0
581	1.52	0
582	1.52	0
583	1.52	0
584	1.52	0
585	1.52	0
586	1.52	0
587	1.52	0
588	1.52	0
589	1.52	0
590	1.52	0
591	1.52	0
592	1.52	0
593	1.52	0
594	1.52	0
595	1.52	0
596	1.52	0
597	1.52	0
598	1.52	0
599	1.52	0
600	1.52	0
601	1.52	0
602	1.52	0
603	1.52	0
604	1.52	0
605	1.52	0
606	1.52	0
607	1.52	0
608	1.52	0
609	1.52	0
610	1.52	0
611	1.52	0
612	1.52	0
613	1.52	0
614	1.52	0
615	1.52	0
616	1.52	0
617	1.52	0
618	1.52	0
619	1.52	0
620	1.52	0
621	1.52	0
622	1.52	0
623	1.52	0
624	1.52	0
625	1.52	0
626	1.52	0
627	1.52	0
628	1.52	0
629	1.52	0
630	1.52	0
631	1.52	0
632	1.52	0
633	1.52	0
634	1.52	0
635	1.52	0
636	1.52	0
637	1.52	0
638	1.52	0
639	1.52	0
640	1.52	0
641	1.52	0
642	1.52	0
643	1.52	0
644	1.52	0
645	1.52	0
646	1.52	0
647	1.52	0
648	1.52	0
649	1.52	0
650	1.52	0
651	1.52	0
652	1.52	0
653	1.52	0
654	1.52	0
655	1.52	0
656	1.52	0
657	1.52	0
658	1.52	0
659	1.52	0
660	1.52	0
661	1.52	0
662	1.52	0
663	1.52	0
664	1.52	0
665	1.52	0
666	1.52	0
667	1.52	0
668	1.52	0
669	1.52	0
670	1.52	0
671	1.52	0
672	1.52	0
673	1.52	0
674	1.52	0
675	1.52	0
676	1.52	0
677	1.52	0
678	1.52	0
679	1.52	0
680	1.52	0
681	1.52	0
682	1.52	0
683	1.52	0
684	1.52	0
685	1.52	0
686	1.52	0
687	1.52	0
688	1.52	0
689	1.52	0
690	1.52	0
691	1.52	0
692	1.52	0
693	1.52	0
694	1.52	0
695	1.52	0
696	1.52	0
697	1.52	0
698	1.52	0
699	1.52	0
700	1.52	0
701	1.52	0
702	1.52	0
703	1.52	0
704	1.52	0
705	1.52	0
706	1.52	0
707	1.52	0
708	1.52	0
709	1.52	0
710	1.52	0
711	1.52	0
712	1.52	0
713	1.52	0
714	1.52	0
715	1.52	0
716	1.52	0
717	1.52	0
718	1.52	0
719	1.52	0
720	1.52	0
721	1.52	0
722	1.52	0
723	1.52	0
724	1.52	0
725	1.52	0
726	1.52	0
727	1.52	0
728	1.52	0
729	1.52	0
730	1.52	0
731	1.52	0
732	1.52	0
733	1.52	0
734	1.52	0
735	1.52	0
736	1.52	0
737	1.52	0
738	1.52	0
739	1.52	0
740	1.52	0
741	1.52	0
742	1.52	0
743	1.52	0
744	1.52	0
745	1.52	0
746	1.52	0
747	1.52	0
748	1.52	0
749	1.52	0
750	1.52	0
751	1.52	0
752	1.52	0
753	1.52	0
754	1.52	0
755	1.52	0
756	1.52	0
757	1.52	0
758	1.52	0
759	1.52	0
760	1.52	0
761	1.52	0
762	1.52	0
763	1.52	0
764	1.52	0
765	1.52	0
766	1.52	0
767	1.52	0
768	1.52	0
769	1.52	0
770	1.52	0
771	1.52	0
772	1.52	0
773	1.52	0
774	1.52	0
775	1.52	0
776	1.52	0
777	1.52	0
778	1.52	0
779	1.52	0
780	1.52	0