380.00 	2.35648 	0.01550 
381.00 	2.35415 	0.01561 
382.00 	2.35184 	0.01572 
383.00 	2.34958 	0.01583 
384.00 	2.34735 	0.01594 
385.00 	2.34515 	0.01605 
386.00 	2.34298 	0.01615 
387.00 	2.34084 	0.01626 
388.00 	2.33874 	0.01637 
389.00 	2.33666 	0.01648 
390.00 	2.33460 	0.01659 
391.00 	2.33258 	0.01670 
392.00 	2.33057 	0.01681 
393.00 	2.32859 	0.01693 
394.00 	2.32664 	0.01704 
395.00 	2.32470 	0.01715 
396.00 	2.32279 	0.01726 
397.00 	2.32089 	0.01737 
398.00 	2.31902 	0.01748 
399.00 	2.31716 	0.01759 
400.00 	2.31532 	0.01771 
401.00 	2.31350 	0.01782 
402.00 	2.31170 	0.01793 
403.00 	2.30990 	0.01804 
404.00 	2.30813 	0.01816 
405.00 	2.30637 	0.01827 
406.00 	2.30462 	0.01838 
407.00 	2.30288 	0.01849 
408.00 	2.30116 	0.01861 
409.00 	2.29945 	0.01872 
410.00 	2.29774 	0.01884 
411.00 	2.29605 	0.01895 
412.00 	2.29437 	0.01907 
413.00 	2.29270 	0.01918 
414.00 	2.29104 	0.01929 
415.00 	2.28939 	0.01941 
416.00 	2.28775 	0.01953 
417.00 	2.28611 	0.01964 
418.00 	2.28448 	0.01976 
419.00 	2.28286 	0.01987 
420.00 	2.28125 	0.01999 
421.00 	2.27964 	0.02011 
422.00 	2.27804 	0.02022 
423.00 	2.27645 	0.02034 
424.00 	2.27486 	0.02046 
425.00 	2.27327 	0.02057 
426.00 	2.27170 	0.02069 
427.00 	2.27012 	0.02081 
428.00 	2.26855 	0.02093 
429.00 	2.26699 	0.02105 
430.00 	2.26543 	0.02116 
431.00 	2.26387 	0.02128 
432.00 	2.26232 	0.02140 
433.00 	2.26077 	0.02152 
434.00 	2.25922 	0.02164 
435.00 	2.25768 	0.02176 
436.00 	2.25614 	0.02188 
437.00 	2.25460 	0.02200 
438.00 	2.25306 	0.02212 
439.00 	2.25153 	0.02224 
440.00 	2.25000 	0.02236 
441.00 	2.24847 	0.02248 
442.00 	2.24694 	0.02260 
443.00 	2.24542 	0.02272 
444.00 	2.24390 	0.02285 
445.00 	2.24238 	0.02297 
446.00 	2.24086 	0.02309 
447.00 	2.23934 	0.02321 
448.00 	2.23782 	0.02334 
449.00 	2.23631 	0.02346 
450.00 	2.23480 	0.02358 
451.00 	2.23328 	0.02370 
452.00 	2.23177 	0.02383 
453.00 	2.23026 	0.02395 
454.00 	2.22875 	0.02408 
455.00 	2.22724 	0.02420 
456.00 	2.22573 	0.02432 
457.00 	2.22423 	0.02445 
458.00 	2.22272 	0.02457 
459.00 	2.22121 	0.02470 
460.00 	2.21971 	0.02482 
461.00 	2.21820 	0.02495 
462.00 	2.21670 	0.02507 
463.00 	2.21519 	0.02520 
464.00 	2.21369 	0.02533 
465.00 	2.21219 	0.02545 
466.00 	2.21068 	0.02558 
467.00 	2.20918 	0.02571 
468.00 	2.20768 	0.02583 
469.00 	2.20618 	0.02596 
470.00 	2.20467 	0.02609 
471.00 	2.20317 	0.02621 
472.00 	2.20167 	0.02634 
473.00 	2.20017 	0.02647 
474.00 	2.19867 	0.02660 
475.00 	2.19717 	0.02673 
476.00 	2.19567 	0.02686 
477.00 	2.19417 	0.02698 
478.00 	2.19267 	0.02711 
479.00 	2.19117 	0.02724 
480.00 	2.18967 	0.02737 
481.00 	2.18817 	0.02750 
482.00 	2.18667 	0.02763 
483.00 	2.18517 	0.02776 
484.00 	2.18367 	0.02789 
485.00 	2.18217 	0.02802 
486.00 	2.18067 	0.02815 
487.00 	2.17918 	0.02828 
488.00 	2.17768 	0.02841 
489.00 	2.17618 	0.02854 
490.00 	2.17468 	0.02867 
491.00 	2.17318 	0.02881 
492.00 	2.17169 	0.02894 
493.00 	2.17019 	0.02907 
494.00 	2.16869 	0.02920 
495.00 	2.16720 	0.02933 
496.00 	2.16570 	0.02946 
497.00 	2.16420 	0.02960 
498.00 	2.16271 	0.02973 
499.00 	2.16121 	0.02986 
500.00 	2.15972 	0.03000 
501.00 	2.15823 	0.03013 
502.00 	2.15673 	0.03026 
503.00 	2.15524 	0.03040 
504.00 	2.15374 	0.03053 
505.00 	2.15225 	0.03066 
506.00 	2.15076 	0.03080 
507.00 	2.14927 	0.03093 
508.00 	2.14778 	0.03106 
509.00 	2.14629 	0.03120 
510.00 	2.14480 	0.03133 
511.00 	2.14331 	0.03147 
512.00 	2.14182 	0.03160 
513.00 	2.14033 	0.03174 
514.00 	2.13884 	0.03187 
515.00 	2.13735 	0.03201 
516.00 	2.13587 	0.03214 
517.00 	2.13438 	0.03228 
518.00 	2.13290 	0.03241 
519.00 	2.13141 	0.03255 
520.00 	2.12993 	0.03269 
521.00 	2.12845 	0.03282 
522.00 	2.12697 	0.03296 
523.00 	2.12548 	0.03309 
524.00 	2.12400 	0.03323 
525.00 	2.12252 	0.03337 
526.00 	2.12105 	0.03350 
527.00 	2.11957 	0.03364 
528.00 	2.11809 	0.03378 
529.00 	2.11662 	0.03391 
530.00 	2.11514 	0.03405 
531.00 	2.11367 	0.03419 
532.00 	2.11219 	0.03432 
533.00 	2.11072 	0.03446 
534.00 	2.10925 	0.03460 
535.00 	2.10778 	0.03474 
536.00 	2.10631 	0.03488 
537.00 	2.10485 	0.03501 
538.00 	2.10338 	0.03515 
539.00 	2.10192 	0.03529 
540.00 	2.10045 	0.03543 
541.00 	2.09899 	0.03557 
542.00 	2.09753 	0.03570 
543.00 	2.09607 	0.03584 
544.00 	2.09461 	0.03598 
545.00 	2.09315 	0.03612 
546.00 	2.09169 	0.03626 
547.00 	2.09024 	0.03640 
548.00 	2.08878 	0.03654 
549.00 	2.08733 	0.03667 
550.00 	2.08588 	0.03681 
551.00 	2.08443 	0.03695 
552.00 	2.08298 	0.03709 
553.00 	2.08154 	0.03723 
554.00 	2.08009 	0.03737 
555.00 	2.07865 	0.03751 
556.00 	2.07720 	0.03765 
557.00 	2.07576 	0.03779 
558.00 	2.07432 	0.03793 
559.00 	2.07289 	0.03807 
560.00 	2.07145 	0.03821 
561.00 	2.07001 	0.03835 
562.00 	2.06858 	0.03849 
563.00 	2.06715 	0.03863 
564.00 	2.06572 	0.03877 
565.00 	2.06429 	0.03891 
566.00 	2.06286 	0.03905 
567.00 	2.06144 	0.03919 
568.00 	2.06002 	0.03933 
569.00 	2.05859 	0.03947 
570.00 	2.05717 	0.03961 
571.00 	2.05576 	0.03975 
572.00 	2.05434 	0.03989 
573.00 	2.05292 	0.04003 
574.00 	2.05151 	0.04017 
575.00 	2.05010 	0.04031 
576.00 	2.04869 	0.04045 
577.00 	2.04728 	0.04059 
578.00 	2.04588 	0.04073 
579.00 	2.04447 	0.04087 
580.00 	2.04307 	0.04101 
581.00 	2.04167 	0.04115 
582.00 	2.04027 	0.04130 
583.00 	2.03887 	0.04144 
584.00 	2.03748 	0.04158 
585.00 	2.03609 	0.04172 
586.00 	2.03470 	0.04186 
587.00 	2.03331 	0.04200 
588.00 	2.03192 	0.04214 
589.00 	2.03054 	0.04228 
590.00 	2.02915 	0.04242 
591.00 	2.02777 	0.04256 
592.00 	2.02639 	0.04270 
593.00 	2.02502 	0.04284 
594.00 	2.02364 	0.04299 
595.00 	2.02227 	0.04313 
596.00 	2.02090 	0.04327 
597.00 	2.01953 	0.04341 
598.00 	2.01816 	0.04355 
599.00 	2.01680 	0.04369 
600.00 	2.01543 	0.04383 
601.00 	2.01407 	0.04397 
602.00 	2.01272 	0.04411 
603.00 	2.01136 	0.04425 
604.00 	2.01001 	0.04439 
605.00 	2.00865 	0.04454 
606.00 	2.00730 	0.04468 
607.00 	2.00596 	0.04482 
608.00 	2.00461 	0.04496 
609.00 	2.00327 	0.04510 
610.00 	2.00193 	0.04524 
611.00 	2.00059 	0.04538 
612.00 	1.99925 	0.04552 
613.00 	1.99791 	0.04566 
614.00 	1.99658 	0.04580 
615.00 	1.99525 	0.04594 
616.00 	1.99392 	0.04608 
617.00 	1.99260 	0.04622 
618.00 	1.99127 	0.04636 
619.00 	1.98995 	0.04651 
620.00 	1.98863 	0.04665 
621.00 	1.98732 	0.04679 
622.00 	1.98600 	0.04693 
623.00 	1.98469 	0.04707 
624.00 	1.98338 	0.04721 
625.00 	1.98207 	0.04735 
626.00 	1.98077 	0.04749 
627.00 	1.97946 	0.04763 
628.00 	1.97816 	0.04777 
629.00 	1.97686 	0.04791 
630.00 	1.97557 	0.04805 
631.00 	1.97427 	0.04819 
632.00 	1.97298 	0.04833 
633.00 	1.97169 	0.04847 
634.00 	1.97040 	0.04861 
635.00 	1.96912 	0.04875 
636.00 	1.96784 	0.04889 
637.00 	1.96656 	0.04903 
638.00 	1.96528 	0.04917 
639.00 	1.96400 	0.04931 
640.00 	1.96273 	0.04945 
641.00 	1.96146 	0.04959 
642.00 	1.96019 	0.04972 
643.00 	1.95892 	0.04986 
644.00 	1.95766 	0.05000 
645.00 	1.95640 	0.05014 
646.00 	1.95514 	0.05028 
647.00 	1.95388 	0.05042 
648.00 	1.95263 	0.05056 
649.00 	1.95138 	0.05070 
650.00 	1.95013 	0.05084 
651.00 	1.94888 	0.05098 
652.00 	1.94763 	0.05111 
653.00 	1.94639 	0.05125 
654.00 	1.94515 	0.05139 
655.00 	1.94391 	0.05153 
656.00 	1.94268 	0.05167 
657.00 	1.94145 	0.05181 
658.00 	1.94022 	0.05194 
659.00 	1.93899 	0.05208 
660.00 	1.93776 	0.05222 
661.00 	1.93654 	0.05236 
662.00 	1.93532 	0.05249 
663.00 	1.93410 	0.05263 
664.00 	1.93288 	0.05277 
665.00 	1.93167 	0.05291 
666.00 	1.93046 	0.05304 
667.00 	1.92925 	0.05318 
668.00 	1.92804 	0.05332 
669.00 	1.92684 	0.05346 
670.00 	1.92564 	0.05359 
671.00 	1.92444 	0.05373 
672.00 	1.92324 	0.05387 
673.00 	1.92205 	0.05400 
674.00 	1.92085 	0.05414 
675.00 	1.91966 	0.05427 
676.00 	1.91848 	0.05441 
677.00 	1.91729 	0.05455 
678.00 	1.91611 	0.05468 
679.00 	1.91493 	0.05482 
680.00 	1.91375 	0.05495 
681.00 	1.91258 	0.05509 
682.00 	1.91140 	0.05523 
683.00 	1.91023 	0.05536 
684.00 	1.90906 	0.05550 
685.00 	1.90790 	0.05563 
686.00 	1.90674 	0.05577 
687.00 	1.90557 	0.05590 
688.00 	1.90442 	0.05604 
689.00 	1.90326 	0.05617 
690.00 	1.90211 	0.05631 
691.00 	1.90096 	0.05644 
692.00 	1.89981 	0.05657 
693.00 	1.89866 	0.05671 
694.00 	1.89752 	0.05684 
695.00 	1.89638 	0.05698 
696.00 	1.89524 	0.05711 
697.00 	1.89410 	0.05724 
698.00 	1.89296 	0.05738 
699.00 	1.89183 	0.05751 
700.00 	1.89070 	0.05764 
701.00 	1.88958 	0.05778 
702.00 	1.88845 	0.05791 
703.00 	1.88733 	0.05804 
704.00 	1.88621 	0.05817 
705.00 	1.88509 	0.05831 
706.00 	1.88398 	0.05844 
707.00 	1.88286 	0.05857 
708.00 	1.88175 	0.05870 
709.00 	1.88064 	0.05883 
710.00 	1.87954 	0.05897 
711.00 	1.87844 	0.05910 
712.00 	1.87734 	0.05923 
713.00 	1.87624 	0.05936 
714.00 	1.87514 	0.05949 
715.00 	1.87405 	0.05962 
716.00 	1.87295 	0.05975 
717.00 	1.87187 	0.05988 
718.00 	1.87078 	0.06001 
719.00 	1.86969 	0.06014 
720.00 	1.86861 	0.06027 
721.00 	1.86753 	0.06040 
722.00 	1.86646 	0.06053 
723.00 	1.86538 	0.06066 
724.00 	1.86431 	0.06079 
725.00 	1.86324 	0.06092 
726.00 	1.86217 	0.06105 
727.00 	1.86110 	0.06118 
728.00 	1.86004 	0.06131 
729.00 	1.85898 	0.06144 
730.00 	1.85792 	0.06157 
731.00 	1.85687 	0.06169 
732.00 	1.85581 	0.06182 
733.00 	1.85476 	0.06195 
734.00 	1.85371 	0.06208 
735.00 	1.85266 	0.06221 
736.00 	1.85162 	0.06233 
737.00 	1.85058 	0.06246 
738.00 	1.84954 	0.06259 
739.00 	1.84850 	0.06271 
740.00 	1.84746 	0.06284 
741.00 	1.84643 	0.06297 
742.00 	1.84540 	0.06309 
743.00 	1.84437 	0.06322 
744.00 	1.84335 	0.06335 
745.00 	1.84232 	0.06347 
746.00 	1.84130 	0.06360 
747.00 	1.84028 	0.06372 
748.00 	1.83926 	0.06385 
749.00 	1.83825 	0.06397 
750.00 	1.83724 	0.06410 
751.00 	1.83623 	0.06422 
752.00 	1.83522 	0.06435 
753.00 	1.83421 	0.06447 
754.00 	1.83321 	0.06460 
755.00 	1.83221 	0.06472 
756.00 	1.83121 	0.06484 
757.00 	1.83021 	0.06497 
758.00 	1.82922 	0.06509 
759.00 	1.82823 	0.06521 
760.00 	1.82724 	0.06534 
761.00 	1.82625 	0.06546 
762.00 	1.82526 	0.06558 
763.00 	1.82428 	0.06570 
764.00 	1.82330 	0.06583 
765.00 	1.82232 	0.06595 
766.00 	1.82134 	0.06607 
767.00 	1.82037 	0.06619 
768.00 	1.81940 	0.06631 
769.00 	1.81843 	0.06643 
770.00 	1.81746 	0.06656 
771.00 	1.81649 	0.06668 
772.00 	1.81553 	0.06680 
773.00 	1.81457 	0.06692 
774.00 	1.81361 	0.06704 
775.00 	1.81265 	0.06716 
776.00 	1.81170 	0.06728 
777.00 	1.81074 	0.06740 
778.00 	1.80979 	0.06752 
779.00 	1.80885 	0.06764 
780.00 	1.80790 	0.06775 
