380	1.847502595	0.009807591
381	1.846940271	0.009721576
382	1.846381297	0.00963646
383	1.845829307	0.009551927
384	1.845281039	0.009468635
385	1.844736609	0.009386624
386	1.844198463	0.009305755
387	1.843663599	0.009225613
388	1.843134289	0.009146752
389	1.842609628	0.009068357
390	1.842087775	0.00899051
391	1.841572335	0.008914803
392	1.841060827	0.008839453
393	1.840552326	0.008764377
394	1.84005062	0.008691156
395	1.839551542	0.00861847
396	1.839056271	0.008546545
397	1.838566121	0.008475645
398	1.838078729	0.008405267
399	1.837596689	0.008335864
400	1.837118698	0.008267675
401	1.836643325	0.0082002
402	1.836173895	0.008133318
403	1.83570714	0.008067032
404	1.83524338	0.008001412
405	1.834785216	0.00793691
406	1.834329476	0.007872932
407	1.833877686	0.007809833
408	1.833430423	0.007747639
409	1.832985612	0.00768597
410	1.832545171	0.007625393
411	1.832107837	0.007565162
412	1.831673068	0.007505215
413	1.83124376	0.007446483
414	1.830816809	0.007388275
415	1.83039339	0.007330852
416	1.82997397	0.007273928
417	1.829556644	0.007217398
418	1.829143305	0.007161865
419	1.828733506	0.00710712
420	1.828326014	0.007052874
421	1.827922764	0.006999233
422	1.827522092	0.006945879
423	1.827124506	0.006892867
424	1.826730752	0.006840953
425	1.826339015	0.006789382
426	1.825950888	0.006738263
427	1.82556586	0.00668803
428	1.82518274	0.006638246
429	1.824804065	0.006589018
430	1.824427398	0.006540462
431	1.824052496	0.006492494
432	1.823682978	0.006444527
433	1.82331513	0.006397018
434	1.822949688	0.006350312
435	1.822587688	0.00630459
436	1.822227522	0.006259146
437	1.821870902	0.006213701
438	1.821516594	0.006169026
439	1.821163877	0.00612486
440	1.820815456	0.006081307
441	1.820468981	0.006038033
442	1.820124965	0.005995109
443	1.819784198	0.005952728
444	1.819445001	0.005910608
445	1.819108546	0.005868946
446	1.818774707	0.005828154
447	1.81844251	0.005787755
448	1.818114255	0.005747354
449	1.817787638	0.005707282
450	1.817462528	0.005667511
451	1.817141557	0.005628923
452	1.816821977	0.005590415
453	1.816504435	0.005551906
454	1.816189801	0.005514367
455	1.81587674	0.005477119
456	1.815566762	0.005439872
457	1.815258677	0.005403003
458	1.814951903	0.005366407
459	1.814648227	0.005331051
460	1.814346461	0.005295696
461	1.814047198	0.00526034
462	1.81375007	0.005225519
463	1.813454158	0.00519096
464	1.813160566	0.005156866
465	1.812869552	0.005122771
466	1.81258005	0.005088799
467	1.812293392	0.005055966
468	1.812008354	0.005023132
469	1.811724847	0.004990299
470	1.811443685	0.004958052
471	1.811164008	0.004926067
472	1.8108868	0.004894494
473	1.810611514	0.004863403
474	1.810337392	0.004832461
475	1.810065862	0.004801519
476	1.809796208	0.004771329
477	1.80952786	0.004741642
478	1.809261998	0.00471133
479	1.808997486	0.004681559
480	1.808734776	0.004652509
481	1.808474196	0.004623459
482	1.808214831	0.004594573
483	1.807957795	0.004566154
484	1.807702468	0.004538163
485	1.807448191	0.004510374
486	1.807196192	0.004482585
487	1.806945485	0.004455119
488	1.806696013	0.004427961
489	1.806449467	0.004401389
490	1.806203797	0.004374862
491	1.831421085	0
492	1.831200675	0
493	1.830981316	0
494	1.830764037	0
495	1.830547881	0
496	1.830332518	0
497	1.830119645	0
498	1.829907583	0
499	1.829696605	0
500	1.829487759	0
501	1.829279798	0
502	1.82907323	0
503	1.828868372	0
504	1.828664505	0
505	1.828462346	0
506	1.828261161	0
507	1.828060898	0
508	1.827862391	0
509	1.827664891	0
510	1.827469035	0
511	1.827274149	0
512	1.827080019	0
513	1.82688795	0
514	1.826697012	0
515	1.826506863	0
516	1.826318577	0
517	1.826130834	0
518	1.825943798	0
519	1.825758913	0
520	1.825574914	0
521	1.825392301	0
522	1.82521055	0
523	1.825029389	0
524	1.824849922	0
525	1.824671442	0
526	1.824493871	0
527	1.824318072	0
528	1.824143063	0
529	1.823969269	0
530	1.823796454	0
531	1.823624286	0
532	1.823453646	0
533	1.823283772	0
534	1.823114441	0
535	1.822946954	0
536	1.822780027	0
537	1.822613798	0
538	1.822449199	0
539	1.822285392	0
540	1.822122949	0
541	1.821960943	0
542	1.82179942	0
543	1.821640125	0
544	1.821481165	0
545	1.821322496	0
546	1.821165639	0
547	1.821009571	0
548	1.820854689	0
549	1.820700301	0
550	1.820546438	0
551	1.820394079	0
552	1.820242507	0
553	1.820091461	0
554	1.819941619	0
555	1.819792653	0
556	1.819644708	0
557	1.819497314	0
558	1.81935056	0
559	1.819205132	0
560	1.819060612	0
561	1.818916619	0
562	1.818773715	0
563	1.818631156	0
564	1.818488873	0
565	1.818348441	0
566	1.818208554	0
567	1.818069433	0
568	1.817931328	0
569	1.817793751	0
570	1.817657149	0
571	1.817521366	0
572	1.817386071	0
573	1.817251356	0
574	1.817117561	0
575	1.816984743	0
576	1.816852493	0
577	1.81672071	0
578	1.816589779	0
579	1.816459788	0
580	1.816330325	0
581	1.81620192	0
582	1.816074246	0
583	1.815947101	0
584	1.815820583	0
585	1.815694593	0
586	1.815569336	0
587	1.815445139	0
588	1.815321308	0
589	1.815197944	0
590	1.815075433	0
591	1.81495345	0
592	1.814832607	0
593	1.81471209	0
594	1.81459188	0
595	1.814472844	0
596	1.814354338	0
597	1.814236649	0
598	1.814119447	0
599	1.814002508	0
600	1.813886076	0
601	1.813770805	0
602	1.813656267	0
603	1.813541733	0
604	1.813428052	0
605	1.813315404	0
606	1.813202756	0
607	1.813090661	0
608	1.812979907	0
609	1.81286915	0
610	1.812758558	0
611	1.812649066	0
612	1.812540267	0
613	1.812432032	0
614	1.812324412	0
615	1.812217057	0
616	1.812110084	0
617	1.812004135	0
618	1.811898571	0
619	1.811793493	0
620	1.811688822	0
621	1.811584461	0
622	1.81148127	0
623	1.811378391	0
624	1.811275832	0
625	1.811173849	0
626	1.811072342	0
627	1.810971675	0
628	1.810871483	0
629	1.810771556	0
630	1.810672148	0
631	1.810573115	0
632	1.810474357	0
633	1.810376841	0
634	1.810279602	0
635	1.810182719	0
636	1.810086376	0
637	1.809990298	0
638	1.809894674	0
639	1.809799489	0
640	1.809704644	0
641	1.809610917	0
642	1.809517183	0
643	1.809423444	0
644	1.809330926	0
645	1.809238697	0
646	1.809146859	0
647	1.809055525	0
648	1.8089646	0
649	1.808874654	0
650	1.808784704	0
651	1.808694796	0
652	1.808605477	0
653	1.808516777	0
654	1.808428718	0
655	1.808340659	0
656	1.808253021	0
657	1.808166223	0
658	1.808079903	0
659	1.807993738	0
660	1.807907569	0
661	1.807822158	0
662	1.807737267	0
663	1.807652993	0
664	1.807568998	0
665	1.807485354	0
666	1.807401708	0
667	1.807318423	0
668	1.80723604	0
669	1.807154104	0
670	1.807072351	0
671	1.806990596	0
672	1.806909541	0
673	1.806829053	0
674	1.80674856	0
675	1.806668567	0
676	1.806589338	0
677	1.806510109	0
678	1.806431031	0
679	1.806352429	0
680	1.806274246	0
681	1.806196385	0
682	1.806119679	0
683	1.806042973	0
684	1.805966267	0
685	1.805889556	0
686	1.805813292	0
687	1.805737845	0
688	1.805662888	0
689	1.805588072	0
690	1.805513257	0
691	1.805438832	0
692	1.805364673	0
693	1.80529112	0
694	1.80521786	0
695	1.805144932	0
696	1.805072572	0
697	1.805000479	0
698	1.804928817	0
699	1.804857152	0
700	1.804785589	0
701	1.804714559	0
702	1.804643895	0
703	1.804573498	0
704	1.804503727	0
705	1.804433954	0
706	1.804364178	0
707	1.804295488	0
708	1.804226982	0
709	1.804158469	0
710	1.804090402	0
711	1.804022523	0
712	1.803954642	0
713	1.803887108	0
714	1.803819859	0
715	1.803753225	0
716	1.803686857	0
717	1.803620869	0
718	1.803555402	0
719	1.803490048	0
720	1.803424692	0
721	1.803359757	0
722	1.80329503	0
723	1.803230302	0
724	1.803166228	0
725	1.803102769	0
726	1.803038708	0
727	1.802975071	0
728	1.802912238	0
729	1.802849404	0
730	1.802786704	0
731	1.802724499	0
732	1.802662699	0
733	1.802601129	0
734	1.802539557	0
735	1.802478291	0
736	1.802417349	0
737	1.802356985	0
738	1.802296676	0
739	1.802236364	0
740	1.802176535	0
741	1.802116857	0
742	1.802057175	0
743	1.801998268	0
744	1.80193983	0
745	1.801880779	0
746	1.801822311	0
747	1.801764525	0
748	1.801706175	0
749	1.801648149	0
750	1.801590994	0
751	1.801533838	0
752	1.801476785	0
753	1.80142026	0
754	1.801363734	0
755	1.801307215	0
756	1.801251321	0
757	1.801195425	0
758	1.801139526	0
759	1.801084727	0
760	1.801029913	0
761	1.800974645	0
762	1.800919833	0
763	1.800865291	0
764	1.800811289	0
765	1.800757287	0
766	1.800703283	0
767	1.80064991	0
768	1.800596538	0
769	1.800543164	0
770	1.800490326	0
771	1.800437759	0
772	1.800385653	0
773	1.8003331	0
774	1.800280515	0
775	1.800229039	0
776	1.800177561	0
777	1.800126081	0
778	1.800074599	0
779	1.800023374	0
780	1.799972525	0