349.5	2.05768	0
351.1	2.05605	0
352.7	2.05444	0
354.3	2.05286	0
355.9	2.05131	0
357.5	2.04978	0
359.1	2.04828	0
360.7	2.0468	0
362.3	2.04535	0
363.9	2.04392	0
365.5	2.04252	0
367.1	2.04113	0
368.7	2.03977	0
370.2	2.03843	0
371.8	2.03711	0
373.4	2.03581	0
375	2.03453	0
376.6	2.03327	0
378.2	2.03203	0
379.8	2.03081	0
381.4	2.02961	0
383	2.02843	0
384.6	2.02726	0
386.2	2.02611	0
387.8	2.02498	0
389.4	2.02387	0
391	2.02277	0
392.6	2.02169	0
394.2	2.02062	0
395.8	2.01957	0
397.4	2.01853	0
399	2.01751	0
400.5	2.01651	0
402.1	2.01551	0
403.7	2.01454	0
405.3	2.01357	0
406.9	2.01262	0
408.5	2.01168	0
410.1	2.01076	0
411.7	2.00985	0
413.3	2.00895	0
414.9	2.00806	0
416.5	2.00719	0
418.1	2.00632	0
419.7	2.00547	0
421.3	2.00463	0
422.9	2.0038	0
424.5	2.00298	0
426.1	2.00218	0
427.7	2.00138	0
429.2	2.00059	0
430.8	1.99982	0
432.4	1.99905	0
434	1.99829	0
435.6	1.99755	0
437.2	1.99681	0
438.8	1.99608	0
440.4	1.99537	0
442	1.99466	0
443.6	1.99396	0
445.2	1.99326	0
446.8	1.99258	0
448.4	1.99191	0
450	1.99124	0
451.6	1.99058	0
453.2	1.98993	0
454.7	1.98929	0
456.3	1.98865	0
457.9	1.98803	0
459.5	1.98741	0
461.1	1.98679	0
462.7	1.98619	0
464.3	1.98559	0
465.9	1.985	0
467.5	1.98442	0
469.1	1.98384	0
470.7	1.98327	0
472.3	1.98271	0
473.9	1.98215	0
475.5	1.9816	0
477	1.98105	0
478.6	1.98052	0
480.2	1.97998	0
481.8	1.97946	0
483.4	1.97894	0
485	1.97842	0
486.6	1.97791	0
488.2	1.97741	0
489.8	1.97691	0
491.4	1.97642	0
493	1.97593	0
494.6	1.97545	0
496.2	1.97498	0
497.7	1.97451	0
499.3	1.97404	0
500.9	1.97358	0
502.5	1.97312	0
504.1	1.97267	0
505.7	1.97223	0
507.3	1.97178	0
508.9	1.97135	0
510.5	1.97092	0
512.1	1.97049	0
513.7	1.97006	0
515.3	1.96964	0
516.8	1.96923	0
518.4	1.96882	0
520	1.96841	0
521.6	1.96801	0
523.2	1.96761	0
524.8	1.96722	0
526.4	1.96683	0
528	1.96645	0
529.6	1.96606	0
531.2	1.96568	0
532.8	1.96531	0
534.4	1.96494	0
535.9	1.96457	0
537.5	1.96421	0
539.1	1.96385	0
540.7	1.96349	0
542.3	1.96314	0
543.9	1.96279	0
545.5	1.96245	0
547.1	1.9621	0
548.7	1.96176	0
550.3	1.96143	0
551.8	1.96109	0
553.4	1.96076	0
555	1.96044	0
556.6	1.96011	0
558.2	1.95979	0
559.8	1.95948	0
561.4	1.95916	0
563	1.95885	0
564.6	1.95854	0
566.1	1.95824	0
567.7	1.95793	0
569.3	1.95763	0
570.9	1.95734	0
572.5	1.95704	0
574.1	1.95675	0
575.7	1.95646	0
577.3	1.95617	0
578.9	1.95589	0
580.4	1.95561	0
582	1.95533	0
583.6	1.95505	0
585.2	1.95478	0
586.8	1.95451	0
588.4	1.95424	0
590	1.95397	0
591.6	1.95371	0
593.2	1.95344	0
594.7	1.95318	0
596.3	1.95293	0
597.9	1.95267	0
599.5	1.95242	0
601.1	1.95217	0
602.7	1.95192	0
604.3	1.95167	0
605.9	1.95143	0
607.4	1.95118	0
609	1.95094	0
610.6	1.95071	0
612.2	1.95047	0
613.8	1.95024	0
615.4	1.95	0
617	1.94977	0
618.6	1.94954	0
620.1	1.94932	0
621.7	1.94909	0
623.3	1.94887	0
624.9	1.94865	0
626.5	1.94843	0
628.1	1.94821	0
629.7	1.948	0
631.2	1.94778	0
632.8	1.94757	0
634.4	1.94736	0
636	1.94715	0
637.6	1.94694	0
639.2	1.94674	0
640.8	1.94654	0
642.3	1.94633	0
643.9	1.94613	0
645.5	1.94593	0
647.1	1.94574	0
648.7	1.94554	0
650.3	1.94535	0
651.8	1.94516	0
653.4	1.94496	0
655	1.94477	0
656.6	1.94459	0
658.2	1.9444	0
659.8	1.94421	0
661.4	1.94403	0
662.9	1.94385	0
664.5	1.94367	0
666.1	1.94349	0
667.7	1.94331	0
669.3	1.94313	0
670.9	1.94296	0
672.4	1.94278	0
674	1.94261	0
675.6	1.94244	0
677.2	1.94227	0
678.8	1.9421	0
680.4	1.94193	0
681.9	1.94177	0
683.5	1.9416	0
685.1	1.94144	0
686.7	1.94127	0
688.3	1.94111	0
689.8	1.94095	0
691.4	1.94079	0
693	1.94063	0
694.6	1.94048	0
696.2	1.94032	0
697.8	1.94017	0
699.3	1.94001	0
700.9	1.93986	0
702.5	1.93971	0
704.1	1.93956	0
705.7	1.93941	0
707.2	1.93926	0
708.8	1.93912	0
710.4	1.93897	0
712	1.93883	0
713.6	1.93868	0
715.2	1.93854	0
716.7	1.9384	0
718.3	1.93826	0
719.9	1.93812	0
721.5	1.93798	0
723.1	1.93784	0
724.6	1.9377	0
726.2	1.93757	0
727.8	1.93743	0
729.4	1.9373	0
730.9	1.93717	0
732.5	1.93703	0
734.1	1.9369	0
735.7	1.93677	0
737.3	1.93664	0
738.8	1.93651	0
740.4	1.93639	0
742	1.93626	0
743.6	1.93613	0
745.2	1.93601	0
746.7	1.93588	0
748.3	1.93576	0
749.9	1.93564	0
751.5	1.93552	0
753	1.93539	0
754.6	1.93527	0
756.2	1.93515	0
757.8	1.93504	0
759.4	1.93492	0
760.9	1.9348	0
762.5	1.93468	0
764.1	1.93457	0
765.7	1.93445	0
767.2	1.93434	0
768.8	1.93423	0
770.4	1.93411	0
772	1.934	0
773.5	1.93389	0
775.1	1.93378	0
776.7	1.93367	0
778.3	1.93356	0
779.8	1.93346	0
781.4	1.93335	0
783	1.93324	0
784.6	1.93313	0
786.1	1.93303	0
787.7	1.93292	0
789.3	1.93282	0
790.9	1.93272	0
792.4	1.93261	0
794	1.93251	0
795.6	1.93241	0
797.2	1.93231	0
798.7	1.93221	0
800.3	1.93211	0
801.9	1.93201	0
803.5	1.93191	0
805	1.93181	0
806.6	1.93172	0
808.2	1.93162	0
809.8	1.93152	0
811.3	1.93143	0
812.9	1.93133	0
814.5	1.93124	0
816	1.93115	0
817.6	1.93105	0
819.2	1.93096	0
820.8	1.93087	0
822.3	1.93078	0
823.9	1.93069	0
825.5	1.9306	0
827.1	1.93051	0
828.6	1.93042	0
830.2	1.93033	0
831.8	1.93024	0
833.3	1.93015	0
834.9	1.93007	0
836.5	1.92998	0
838	1.92989	0
839.6	1.92981	0
841.2	1.92972	0
842.8	1.92964	0
844.3	1.92956	0
845.9	1.92947	0
847.5	1.92939	0
849	1.92931	0
850.6	1.92922	0