0.000640
0.000595
0.000506
0.000516
0.000520
0.000362
0.000410
0.000445
0.000313
0.000335
0.000407
0.000468
0.000373
0.000290
0.000433
0.000476
0.000390
0.000282
0.000207
0.000209
0.000165
0.000106
0.000143
0.000204
0.000225
0.000282
0.000372
0.000410
0.000488
0.000674
0.000917
0.001181
0.001379
0.001799
0.002376
0.003045
0.003892
0.005092
0.006412
0.007940
0.009809
0.012233
0.015260
0.018797
0.022958
0.027990
0.034222
0.041370
0.049625
0.059203
0.071079
0.084000
0.098498
0.114571
0.132720
0.152733
0.173662
0.195711
0.219464
0.245677
0.273077
0.301538
0.332048
0.366635
0.403769
0.443182
0.486845
0.537071
0.591137
0.647489
0.708603
0.771727
0.833846
0.891348
0.939193
0.973574
0.994410
1.000000
0.984754
0.953775
0.908652
0.853321
0.791769
0.724806
0.658134
0.598817
0.546063
0.498185
0.454285
0.415583
0.385078
0.357367
0.331615
0.305919
0.280203
0.256311
0.234449
0.213438
0.192414
0.173385
0.156144
0.140650
0.126602
0.114679
0.104613
0.096060
0.088696
0.082071
0.076405
0.071604
0.067364
0.063479
0.060134
0.057427
0.055290
0.053545
0.052340
0.051865
0.051975
0.052600
0.054038
0.056233
0.058905
0.062126
0.065967
0.070559
0.075640
0.081243
0.087562
0.094490
0.102430
0.111039
0.120047
0.129187
0.138658
0.148033
0.157395
0.166667
0.175956
0.185538
0.195154
0.204695
0.214634
0.224691
0.235459
0.245982
0.256063
0.265403
0.273637
0.281149
0.287072
0.292552
0.297369
0.301787
0.306030
0.309846
0.313386
0.316432
0.318642
0.320245
0.321215
0.321017
0.320068
0.318415
0.316150
0.313529
0.310429
0.307212
0.303895
0.300640
0.297145
0.293443
0.289755
0.285625
0.281205
0.276623
0.271904
0.267165
0.262268
0.257421
0.252644
0.247939
0.243325
0.238660
0.234251
0.230049
0.225917
0.221878
0.218020
0.214285
0.210765
0.207430
0.204362
0.201291
0.198526
0.195920
0.193564
0.191518
0.189624
0.187814
0.186380
0.185128
0.184107
0.183341
0.182745
0.182280
0.182118
0.182085
0.182225
0.182672
0.183368
0.184261
0.185319
0.186476
0.187876
0.189449
0.191167
0.193020
0.195036
0.197194
0.199366
0.201811
0.204237
0.206688
0.209240
0.211909
0.214650
0.217413
0.220146
0.222918
0.225559
0.228271
0.230956
0.233759
0.236361
0.239029
0.241674
0.244193
0.246636
0.248955
0.251296
0.253563
0.255643
0.257498
0.259198
0.260857
0.262404
0.263741
0.264913
0.265860
0.266871
0.267630
0.268236
0.268770
0.269226
0.269543
0.269543
0.269564
0.269435
0.269386
0.268978
0.268404
0.267678
0.266701
0.265531
0.264247
0.262912
0.261298
0.259687
0.257759
0.255786
0.253772
0.251625
0.249274
0.246959
0.244470
0.241933
0.239166
0.236416
0.233618
0.230745
0.227758
0.224776
0.221625
0.218430
0.215240
0.211962
0.208545
0.205332
0.201960
0.198441
0.195136
0.191690
0.188215
0.184861
0.181439
0.178015
0.174558
0.171158
0.167903
0.164600
0.161400
0.158192
0.154827
0.151338
0.148122
0.144985
0.141800
0.138545
0.135434
0.132197
0.129138
0.126128
0.123061
0.120055
0.117134
0.114240
0.111346
0.108336
0.105483
0.102626
0.099904
0.097200
0.094577
0.091865
0.089258
0.086672
0.084216
0.081855
0.079663
0.077565
0.075486
0.073723
0.071910
0.070024
0.068323
0.066483
0.064716
0.063044
0.061280
0.059644
0.058023
0.056343
0.054715
0.053096
0.051573
0.050024
0.048470
0.047028
0.045576
0.044198
0.042837
0.041503
0.040198
0.038897
0.037652
0.036477
0.035378
0.034276
0.033117
0.032062
0.031097
0.030165
0.029176
0.028345
0.027509
0.026728
0.026001
0.025257
0.024578
0.023940
0.023258
0.022470
0.021819
0.021200
0.020539
0.019921
0.019117
0.018465
0.018000
0.017534
0.016909
0.016312
0.015834
0.015374
0.014721
0.014375
0.013939
0.013203
0.012748
0.012527
0.012022
0.011621
0.011294
0.011156
0.010663
0.010319
0.009943
0.009894
0.009787
0.000000000
